0,0,0,0,0,0,0,0,0,0,0,0,0,0,0,0,0,0,0,0,0,0,0,0,0,0,0,0
0,0,0,0,0,0,0,0,0,0,0,0,0,0,0,0,0,0,0,0,0,0,0,0,0,0,0,0
0,0,0,0,0,0,0,0,0,0,0,0,0,0,0,0,0,0,0,0,0,0,0,0,0,0,0,0
0,0,0,0,0,0,0,0,0,0,0,25,0,0,0,0,0,0,0,0,0,0,0,0,0,0,0,0
0,0,0,0,0,0,0,0,0,0,0,25,0,0,0,0,0,0,0,0,0,0,0,0,0,0,0,0
0,0,0,0,0,25,0,0,0,0,0,0,0,0,0,0,0,0,0,0,0,0,0,0,0,0,0,0
0,0,0,0,0,0,0,0,0,0,0,0,0,0,0,0,0,0,0,0,0,0,0,0,0,0,0,0
0,0,0,0,0,25,0,0,0,0,0,0,0,0,0,0,0,0,0,0,0,0,0,0,0,0,0,0
0,0,0,0,25,0,0,0,0,0,0,0,0,0,0,0,0,0,0,0,0,0,0,0,0,0,0,0
0,0,0,0,0,0,0,0,0,0,0,0,0,0,0,0,0,0,0,0,0,0,0,0,0,0,0,0
0,0,0,0,0,0,0,0,0,0,0,0,0,0,0,0,0,0,0,0,0,0,0,0,0,0,0,0
0,0,0,0,0,0,0,0,0,0,0,0,0,0,0,0,0,0,0,0,0,0,0,0,0,0,0,0
0,0,0,0,0,0,0,0,0,0,0,0,0,0,0,0,0,0,0,0,0,0,0,0,0,0,0,0
0,0,0,0,0,0,0,0,0,0,0,0,0,0,0,0,0,0,0,0,0,0,0,0,0,0,0,0
0,0,0,0,0,0,0,0,0,0,0,0,0,0,0,0,0,0,0,0,0,0,0,0,0,0,0,0
0,0,0,0,0,0,0,0,0,0,0,0,0,0,0,0,0,0,0,0,0,-10,-10,-10,-10,-10,-10,-10
0,0,0,0,0,0,0,0,0,0,0,0,0,0,0,0,0,0,0,0,0,-10,-10,-10,-10,-10,-10,-10
0,0,0,0,0,25,0,0,0,0,0,0,0,0,0,0,0,0,0,0,0,-10,-10,-10,-10,-10,-10,-10
0,0,0,0,0,0,0,0,0,0,0,25,0,0,0,0,0,0,0,0,0,-10,-10,-10,-10,-10,-10,-10
0,0,0,0,0,0,0,0,0,0,0,0,0,0,0,0,0,0,25,0,-10,-10,-10,-10,-10,-10,-10,-10
0,0,0,0,0,0,0,0,0,0,0,0,0,0,0,0,0,0,25,0,-10,-10,-10,-10,-10,-10,-10,-10
0,0,0,0,0,0,0,0,0,0,0,0,0,0,0,0,0,0,25,-10,-10,-10,-10,-10,-10,-10,-10,-10
0,0,0,0,0,0,0,0,0,0,0,0,0,0,0,0,0,0,0,0,0,0,0,0,0,0,-10,-10
0,0,0,0,0,0,0,0,0,0,0,0,0,0,0,0,0,0,0,0,0,0,0,0,0,0,0,0
0,0,0,0,0,0,0,0,0,0,0,0,0,0,0,0,0,0,0,0,0,0,0,0,0,0,0,0
0,0,0,0,0,0,0,0,0,0,0,0,0,0,0,0,0,0,0,0,0,0,0,0,0,0,0,0
0,0,0,0,0,0,0,0,0,0,0,0,0,0,0,0,0,0,0,0,0,0,0,0,0,0,0,0
0,0,0,0,0,0,0,0,0,0,0,0,0,0,0,0,0,0,0,0,0,0,0,0,0,0,0,0
0,0,0,0,0,0,0,0,0,0,0,0,0,0,0,0,0,0,0,0,0,0,0,0,0,0,0,0
0,0,0,0,0,0,0,0,0,0,0,0,0,0,0,0,0,0,0,0,0,0,0,0,0,0,0,0
0,0,0,0,0,0,0,0,0,0,0,0,0,0,0,0,0,0,0,0,0,0,0,0,0,0,0,0
0,0,0,0,0,0,0,0,0,0,0,0,0,0,0,0,0,0,0,0,0,-10,0,0,-10,-10,0,0
0,0,0,0,0,0,0,0,0,0,0,0,0,0,0,0,0,0,0,0,0,0,0,-10,-10,0,0,0
0,0,0,0,0,0,0,0,0,0,0,0,0,0,0,0,0,0,0,0,0,0,-10,-10,0,0,0,0
0,0,0,0,0,0,0,0,0,0,0,0,0,0,0,-10,-10,0,0,0,0,0,-10,-10,0,20,0,0
0,0,0,0,0,0,0,0,0,0,0,0,0,0,-10,-10,0,0,0,0,0,-10,-10,0,20,0,0,0
0,0,0,0,0,0,0,0,0,0,0,0,0,0,-10,0,0,0,0,0,0,-10,0,20,0,0,0,0
0,0,0,0,0,0,0,0,0,0,0,0,0,0,-10,0,0,0,0,0,0,-10,0,20,0,0,0,0
0,0,0,0,0,0,0,0,0,0,0,0,0,0,0,0,0,0,0,0,0,0,0,0,0,0,0,20
0,0,0,0,0,0,0,0,0,0,0,0,0,0,0,0,0,0,0,0,0,0,0,0,0,0,0,0
0,0,0,0,0,0,0,0,0,0,0,0,0,0,0,0,0,0,0,0,0,0,0,0,0,0,0,0
0,0,0,0,0,0,0,0,0,0,0,0,0,0,0,0,0,0,0,0,0,0,0,0,0,0,0,0
0,0,0,0,0,0,0,0,0,0,0,0,0,0,0,0,0,0,0,0,0,0,0,0,0,0,0,0
0,0,0,0,0,0,0,0,0,0,0,0,0,0,0,0,0,0,0,0,0,0,0,0,0,0,0,0
0,0,0,0,0,0,0,0,0,0,0,0,0,0,0,0,0,0,0,0,0,0,0,0,0,0,0,0
0,0,25,0,0,0,0,0,0,0,0,0,0,0,0,0,0,0,0,0,0,0,0,0,0,0,0,0
0,0,0,25,0,0,0,0,0,0,0,0,0,0,0,0,0,0,0,0,0,0,0,0,0,0,0,0
0,0,25,0,0,0,0,0,0,0,0,0,0,0,0,0,0,0,0,0,9,20,0,0,0,-10,-10,-10
0,0,0,25,0,0,0,0,0,0,0,0,0,0,0,0,0,0,0,0,9,20,0,0,0,-10,-10,-10
0,0,0,0,0,0,0,0,0,25,0,0,0,0,0,0,0,0,0,9,0,8,0,0,-10,-10,-10,-10
0,0,0,0,0,0,0,0,25,0,25,0,0,0,0,0,0,0,0,9,0,8,0,0,-10,-10,-10,-10
0,0,0,0,0,0,0,0,0,0,0,0,0,0,0,25,0,25,9,0,0,8,0,0,-10,-10,-10,-10
0,0,0,0,0,16,21,0,0,0,0,0,0,0,0,0,0,0,0,0,0,0,0,0,9,0,0,0
0,0,0,0,0,0,0,0,0,0,0,0,16,21,0,0,0,25,0,0,0,0,0,0,0,0,0,0
0,0,0,0,0,0,0,0,0,0,0,0,0,0,0,0,0,0,0,16,21,0,0,0,25,0,0,0
0,0,0,0,0,0,0,0,0,0,0,0,0,0,0,0,0,0,16,21,21,0,0,0,25,0,0,0
0,0,0,0,0,0,0,0,0,0,0,0,0,0,0,0,0,0,16,21,21,0,0,0,0,0,0,0
0,0,0,0,0,0,0,0,0,0,25,0,0,0,0,0,0,0,0,0,0,0,0,0,0,16,21,21
0,0,0,0,0,0,0,0,0,0,0,0,0,0,0,0,0,25,0,0,0,0,0,0,16,21,21,16
0,0,0,0,0,0,0,0,0,0,0,0,0,0,0,0,0,25,0,0,0,0,0,0,16,21,21,16
0,0,0,0,0,0,0,0,0,0,0,0,0,0,0,0,0,25,0,0,0,0,0,16,21,21,16,16
0,0,0,0,0,0,0,0,0,0,0,0,0,0,0,0,0,25,0,0,0,0,0,16,21,21,16,16
0,0,0,0,0,0,0,0,0,0,0,0,0,0,0,0,0,25,0,0,0,0,16,21,21,16,16,16
0,0,0,0,0,0,0,0,0,0,25,0,0,0,0,0,0,0,0,0,0,0,16,21,21,16,16,16
0,0,0,0,0,0,0,0,0,0,25,0,0,0,0,0,0,0,0,0,0,16,21,21,16,16,16,0
0,0,0,0,0,0,0,0,0,0,25,0,0,0,0,0,0,0,0,0,0,16,21,21,16,16,16,0
0,0,0,0,0,0,0,0,0,0,25,0,0,0,0,0,0,0,0,0,0,21,21,16,16,16,0,0
0,0,0,0,0,0,0,0,0,0,25,0,0,0,0,0,0,0,0,0,0,21,21,16,16,16,0,0
0,0,0,0,0,0,0,0,0,0,25,0,0,0,0,0,0,0,0,0,0,21,16,16,16,0,0,0
0,0,0,0,0,0,0,0,0,25,0,0,0,0,0,0,0,0,0,0,0,16,16,16,0,0,0,0
0,0,0,0,0,0,0,0,0,0,0,0,0,0,0,0,0,25,0,0,0,0,0,0,0,0,0,0
0,0,0,0,0,0,0,0,0,0,0,0,0,0,0,0,0,0,0,0,0,0,0,25,0,0,0,0
0,0,0,0,0,0,0,0,0,0,0,0,0,0,0,0,0,0,0,0,0,0,0,0,0,0,0,0
0,0,0,0,0,0,0,0,0,0,0,0,0,0,0,0,0,0,0,0,0,0,0,0,0,0,0,0
0,0,0,0,0,0,0,0,0,0,0,0,0,0,0,0,0,0,0,0,0,0,0,0,0,0,0,0
0,0,0,0,0,0,0,0,0,0,0,0,0,0,0,0,0,0,0,0,0,0,0,0,0,0,0,0
0,0,0,0,0,0,0,0,0,0,0,0,0,0,0,0,0,0,0,0,0,0,0,0,0,0,0,0
0,0,0,0,0,0,0,0,0,0,0,0,0,0,0,0,0,0,0,0,0,0,25,0,0,0,0,0
0,0,0,0,0,0,0,0,0,0,0,0,0,0,0,0,25,0,0,0,0,0,0,0,0,0,0,0
0,0,0,0,0,0,0,0,25,0,0,0,0,0,0,0,0,0,0,0,0,16,16,16,0,0,0,0
0,25,0,0,0,0,0,0,0,0,0,0,0,0,16,16,0,0,0,0,0,0,0,0,0,0,0,0
0,0,0,0,0,0,0,16,16,0,0,0,0,0,0,0,0,0,0,0,0,0,0,25,0,0,0,0
16,0,0,0,0,0,0,0,0,0,0,0,0,0,0,25,0,0,0,0,0,0,0,0,0,0,0,0
0,0,0,0,0,0,0,0,25,0,0,0,0,0,0,0,0,0,0,0,0,-10,-10,0,0,4,0,0
0,25,0,0,0,0,0,0,0,0,0,0,0,0,-10,-10,0,4,0,0,0,-10,-10,-10,-10,-10,-10,-10
0,0,0,0,0,0,0,0,25,0,0,0,0,0,0,0,0,0,0,0,-11,-10,0,4,0,0,0,0
0,0,0,0,0,0,0,0,0,0,0,0,0,0,0,0,0,0,0,0,0,25,0,0,0,0,-11,-11
0,0,0,0,0,0,0,0,0,0,0,0,0,0,0,0,0,0,0,0,0,0,0,0,0,0,-11,-11
0,0,0,0,0,0,0,0,0,0,0,0,0,0,0,0,0,0,0,0,0,0,0,0,0,-11,-11,-11
0,0,0,0,0,0,0,0,0,0,0,0,0,0,0,0,0,0,0,0,0,13,0,0,-11,-11,-11,-11
25,0,0,0,0,0,0,0,0,0,0,0,0,0,0,0,0,0,0,0,0,13,0,0,-11,-11,-11,-11
0,0,0,0,0,0,0,0,0,0,0,0,0,0,0,0,0,0,0,0,0,0,0,-11,-11,-11,-11,0
0,0,0,0,0,0,0,0,0,0,0,0,0,0,0,0,0,0,0,0,0,0,-11,-11,-11,-11,0,0
0,0,0,0,0,0,0,0,0,0,0,0,0,0,0,0,0,0,0,0,0,0,-11,-11,-11,-11,0,0
0,0,0,0,0,0,0,0,0,0,0,0,0,0,0,0,0,0,0,0,-10,-11,-11,-11,-11,0,0,-10
0,0,0,0,0,0,0,0,0,0,0,0,0,0,0,0,0,0,0,-10,-10,-11,-11,-11,0,0,-10,-10
0,0,0,0,0,0,0,0,0,0,0,0,0,0,0,0,0,0,0,0,0,0,0,0,0,0,-10,-10
0,0,0,0,0,0,0,0,0,0,0,0,0,0,0,0,0,0,0,0,0,0,0,0,0,0,0,4
0,0,0,0,0,0,0,0,0,0,0,0,0,0,0,0,0,0,0,0,0,0,0,0,0,0,4,0
0,0,0,0,0,0,0,0,0,0,0,0,0,0,0,0,0,0,0,0,0,0,0,0,0,0,4,0
0,0,0,0,0,0,0,0,0,0,0,0,0,0,0,0,0,13,4,0,0,0,0,-10,-10,-10,-10,-10
0,0,0,0,0,0,0,0,0,0,0,0,0,0,0,0,0,0,0,0,0,0,0,4,0,0,0,0
0,0,0,0,0,0,0,0,0,0,0,0,0,0,0,0,0,0,0,0,0,0,0,0,0,0,0,0
0,0,0,0,0,0,0,0,0,0,0,0,0,0,0,0,0,0,0,0,0,0,0,0,0,0,0,0
0,0,0,0,0,0,0,0,0,0,0,0,0,0,0,0,0,0,0,0,0,0,0,0,0,0,0,0
0,0,0,0,0,0,0,0,0,0,0,0,0,0,0,0,0,0,0,0,0,0,0,0,0,0,0,0
0,0,0,0,0,0,0,0,0,0,0,0,0,0,0,0,0,0,0,0,0,0,0,0,0,0,0,0
0,0,0,0,0,0,0,0,0,0,0,0,0,0,0,0,0,0,0,0,0,0,0,0,0,0,0,0
0,0,0,0,0,0,0,0,0,0,0,0,0,0,0,0,0,0,0,0,0,0,0,0,0,0,0,0
0,0,0,0,0,0,0,0,0,0,0,0,0,0,0,0,0,0,0,0,0,0,0,0,0,0,0,0
0,0,0,0,0,0,0,0,0,0,0,0,0,0,0,0,0,0,0,0,0,0,0,0,0,0,0,0
0,0,0,0,0,0,0,0,0,0,0,0,0,0,0,0,0,0,0,0,0,0,0,0,0,0,0,0
0,0,0,0,0,0,0,0,0,0,0,0,0,0,0,0,0,0,0,0,0,0,0,0,0,20,0,0
0,0,0,0,0,0,0,0,0,0,0,0,0,0,0,0,0,0,0,0,0,0,0,0,20,0,0,0
0,0,0,0,0,0,0,0,0,0,0,0,0,0,0,0,0,0,0,0,0,0,0,20,0,0,0,0
0,0,0,0,0,0,0,0,0,0,0,0,0,0,0,0,20,0,0,0,0,20,0,20,0,0,0,0
0,0,0,0,0,0,0,0,20,0,0,0,0,0,0,20,0,0,0,0,0,0,20,0,0,0,0,0
20,0,0,0,0,0,0,20,0,0,0,0,0,0,20,0,0,0,0,0,0,-10,-10,-10,-10,0,0,0
20,0,0,0,0,0,0,20,0,0,0,0,0,0,20,0,0,0,0,0,0,-10,-10,-10,-10,0,0,0
0,0,0,0,0,0,0,0,0,0,0,0,0,0,-10,-10,-10,0,0,0,0,-10,-10,-10,0,0,0,0
0,0,0,0,0,0,0,-10,-10,0,0,0,0,0,-10,-10,0,0,0,0,0,-10,-10,-10,-10,-10,-10,-10
0,0,0,0,0,0,0,-10,-10,0,0,0,0,0,-10,-10,0,0,0,0,0,-10,-10,-10,-10,-10,-10,-10
0,0,0,0,0,0,0,-10,0,0,0,0,0,0,-10,0,0,0,0,0,0,-10,-10,-10,-10,-10,-10,-10
0,0,0,0,0,0,0,0,0,0,0,0,0,0,0,0,0,0,0,0,0,-10,-10,-10,-10,-10,-10,-10
0,0,0,0,0,0,0,0,0,0,0,0,0,0,0,0,0,0,0,0,0,-10,-10,-10,-10,-10,-10,-10
0,0,0,0,0,0,0,0,0,0,0,0,0,0,0,0,0,0,0,0,0,-10,-10,-10,-10,-10,-10,-10
0,0,0,0,0,0,0,0,0,0,0,0,0,0,0,0,0,0,0,0,0,-10,-10,-10,-10,-10,-10,-10
0,0,0,0,0,0,0,0,0,0,0,0,0,0,0,0,0,0,0,0,0,-10,-10,-10,-10,-10,-10,-10
0,0,0,0,0,0,0,0,0,0,0,0,0,0,0,0,0,0,0,0,0,-10,-10,-10,-10,-10,-10,-10
0,0,0,0,0,0,0,0,0,0,0,0,0,0,0,0,0,0,0,0,0,-10,-10,-10,-10,-10,-10,-10
0,6,0,0,0,0,0,0,0,0,0,0,0,0,0,0,0,0,0,0,0,-10,-10,-10,-10,-10,-10,-10
6,0,0,0,0,0,0,0,0,0,0,0,0,0,0,0,0,0,0,0,0,-10,-10,-10,-10,-10,-10,-10
0,0,0,0,0,0,0,0,0,0,0,0,0,0,0,0,0,0,0,0,0,-10,-10,-10,-10,-10,-10,-10
0,0,0,0,0,0,0,0,0,0,0,0,0,0,0,0,0,0,0,0,2,-10,-10,-10,-10,-10,-10,-10
0,0,0,0,0,0,0,0,0,0,0,0,0,0,0,0,0,0,0,0,2,-10,-10,-10,-10,-10,-10,-10
0,0,0,0,0,0,0,0,0,0,0,0,0,0,0,0,0,0,0,2,0,-10,-10,-10,-10,-10,-10,-10
0,0,0,0,0,0,0,0,0,0,0,0,0,0,0,0,0,0,2,0,0,-10,-10,-10,-10,-10,-10,-10
0,0,0,0,0,0,0,0,0,0,0,0,0,0,0,0,0,0,2,0,0,-10,-10,-10,-10,-10,-10,-10
0,0,-11,-11,-11,-11,-11,0,0,0,0,0,0,0,0,0,0,0,0,0,0,0,0,2,0,0,0,0
0,0,0,0,0,0,0,0,-11,-11,-11,-11,-11,0,0,0,0,0,0,0,0,0,0,0,0,0,0,0
0,0,0,0,0,0,0,0,0,0,0,0,0,0,0,-11,-11,-11,-11,-11,0,0,0,0,0,0,0,0
0,0,0,0,0,0,0,0,0,0,0,0,0,0,-11,-11,-11,-11,-11,0,0,0,0,0,0,0,0,0
0,0,0,0,0,0,0,0,0,0,0,0,0,0,-11,-11,-11,-11,0,0,0,0,0,0,0,0,0,0
0,0,0,0,0,0,0,0,0,0,0,0,0,0,-11,-11,-11,-11,0,0,0,0,0,0,0,0,0,0
0,0,0,0,0,0,0,0,0,0,0,0,0,0,-11,-11,-11,0,0,0,0,0,0,0,0,0,0,0
0,0,0,0,0,0,0,-11,-11,0,0,0,0,0,0,0,0,0,0,0,0,0,0,0,0,-10,-10,-10
0,0,0,0,0,0,0,-11,-11,0,0,0,0,0,0,0,0,0,0,0,0,0,0,0,0,-10,-10,-10
0,0,0,0,0,0,0,-11,0,0,0,0,0,0,0,0,0,0,0,0,0,0,0,0,-10,-10,-10,0
0,0,0,0,0,0,0,0,0,0,0,0,0,0,0,0,0,0,0,0,0,0,0,-10,-10,-10,0,0
0,0,0,0,0,0,0,0,0,0,0,0,0,0,0,0,0,0,0,0,0,0,0,-10,-10,-10,0,0
0,0,0,0,0,0,0,0,0,0,0,0,0,0,0,0,0,0,0,0,0,0,-10,-10,-10,0,0,-10
0,0,0,0,0,0,0,0,0,0,0,0,0,0,0,0,0,0,0,0,0,-10,-10,-10,0,0,-10,-10
0,0,0,0,0,0,0,0,0,0,0,0,0,0,0,0,0,0,0,0,0,0,0,0,0,0,0,0
0,0,0,0,0,0,0,0,0,0,0,0,0,0,0,0,0,0,0,0,0,0,0,0,0,0,0,0
0,0,0,0,0,0,0,0,0,0,0,0,0,0,0,0,0,0,0,0,0,0,0,0,0,0,0,0
0,0,0,0,0,0,0,0,0,0,0,0,0,0,0,0,0,0,0,0,0,0,0,0,0,0,0,0
0,0,0,0,0,0,0,0,0,0,0,0,0,0,0,0,0,0,0,0,0,0,0,0,0,0,0,0
0,0,0,0,0,0,0,0,0,0,0,0,0,0,0,0,0,0,0,0,0,0,0,0,0,0,0,0
0,0,0,0,0,0,0,0,0,0,0,0,0,0,0,0,0,0,0,0,0,0,0,0,0,0,0,0
0,0,0,25,0,0,0,0,0,0,0,0,0,0,0,0,0,0,0,0,0,0,-10,-10,-10,0,0,0
0,0,0,25,0,0,0,0,0,0,0,0,0,0,0,0,0,0,0,0,0,-10,-10,-10,0,0,0,0
0,0,0,0,0,0,0,0,0,0,0,0,0,0,-10,-10,-10,0,0,0,0,-10,-10,-10,-10,-10,-10,-10
0,0,0,25,0,0,0,0,0,0,0,0,0,0,-10,-10,0,0,0,0,0,-10,-10,-10,-10,-10,-10,-10
0,0,0,25,0,0,0,0,0,0,0,0,0,0,-10,-10,0,0,0,0,0,-10,-10,-10,-10,-10,-10,-10
0,0,0,0,0,0,0,0,0,0,25,0,0,-10,-10,0,0,0,0,0,-10,-10,-10,-10,-10,-10,-10,-10
0,0,0,0,0,0,0,0,0,25,0,0,-10,-10,0,0,0,0,0,-10,-10,-10,-10,-10,-10,-10,-10,-10
0,0,0,0,0,0,0,0,0,0,0,0,0,0,0,0,0,0,0,-10,-10,0,0,0,25,0,-10,-10
0,0,0,0,0,0,0,0,0,0,0,0,0,20,0,0,0,0,0,0,20,0,0,0,0,-10,-10,-10
0,0,0,0,0,0,0,0,0,0,0,0,0,0,0,0,0,0,0,0,20,0,0,0,0,0,0,20
0,0,0,0,0,0,0,0,0,0,25,0,0,0,0,0,0,0,0,20,20,0,0,0,0,0,20,20
0,0,0,0,0,0,0,0,0,0,25,0,0,0,0,0,0,0,0,20,20,0,0,0,0,0,20,20
0,0,0,0,12,0,0,0,0,0,0,0,0,0,0,0,0,0,0,0,0,0,0,0,25,20,20,0
0,0,0,0,12,0,0,0,0,0,0,0,0,0,0,0,0,0,0,0,0,0,0,0,25,20,20,0
0,0,0,12,0,0,0,0,0,0,0,0,0,0,0,0,0,0,0,0,0,0,0,0,20,20,0,0
0,0,12,0,0,0,0,0,0,0,0,0,0,0,0,0,0,0,0,0,0,0,0,20,20,0,0,0
0,0,12,0,0,0,0,0,0,0,25,0,0,0,0,0,0,0,0,0,0,0,0,20,20,0,0,0
0,12,0,0,0,0,0,0,0,25,0,0,0,0,0,0,0,0,0,0,0,0,20,20,0,0,0,20
0,12,0,0,0,0,0,0,0,0,0,0,0,0,0,0,0,25,0,0,0,0,20,20,0,0,0,20
0,0,0,0,0,0,0,12,0,0,0,0,0,0,0,0,0,0,0,0,0,0,0,25,0,0,0,0
0,0,0,0,0,0,0,0,0,0,0,0,0,0,12,0,0,0,0,0,0,0,0,0,0,0,0,0
0,0,0,0,0,0,0,0,0,0,0,0,0,0,0,0,0,0,0,0,0,0,0,0,0,0,0,0
0,0,0,0,0,0,0,0,0,0,0,0,0,0,0,0,0,0,0,0,0,0,0,0,0,0,0,0
0,0,0,0,0,0,0,0,0,0,0,0,0,0,0,0,0,0,0,0,0,0,0,0,0,0,0,0
0,0,0,0,0,0,0,0,0,0,0,0,0,0,0,0,0,0,0,0,0,0,0,0,0,0,0,0
0,0,0,0,0,0,0,0,0,0,0,0,0,0,0,0,0,0,0,0,0,0,0,0,0,0,0,0
0,0,0,0,0,0,0,0,0,0,0,0,0,0,0,0,0,0,0,0,0,0,20,20,0,0,0,0
0,0,0,0,0,0,0,0,0,0,0,0,0,0,0,0,0,0,0,0,0,20,20,0,0,0,0,0
0,0,0,0,0,0,0,0,0,0,0,0,0,0,20,0,0,0,0,0,0,20,0,0,0,0,0,0
0,0,0,0,0,0,0,20,0,0,0,0,0,0,20,0,0,0,0,0,0,-10,-10,-10,-10,0,0,0
0,0,0,0,0,0,0,0,0,0,0,0,0,0,-10,-10,-10,0,0,0,0,-10,-10,-10,-10,-10,-10,-10
0,0,0,0,0,0,0,0,0,0,0,0,0,0,-10,-10,-10,0,0,0,0,-10,-10,-10,-10,-10,-10,-10
0,0,0,0,0,0,0,0,0,0,0,0,0,0,-10,-10,0,0,0,0,0,-10,-10,-10,-10,-10,-10,-10
0,0,0,0,0,0,0,0,0,0,0,0,0,0,-10,0,0,0,0,0,0,-10,-10,-10,-10,-10,-10,0
0,0,0,0,0,0,0,0,0,0,0,0,0,0,-10,0,0,0,0,0,0,-10,-10,-10,-10,-10,-10,0
0,0,0,0,0,0,0,0,0,0,0,0,0,0,0,0,0,0,0,0,0,-10,-10,-10,-10,-10,0,0
0,0,0,0,0,0,0,0,0,0,0,0,0,0,0,0,0,0,0,0,0,-10,-10,-10,-10,0,0,0
0,0,0,0,0,0,0,0,0,0,0,0,0,0,0,0,0,0,0,0,0,-10,-10,-10,-10,0,0,0
0,0,0,0,0,0,0,0,0,0,0,0,0,0,-10,-10,-10,0,0,0,0,-10,-10,-10,-10,-10,-10,-10
0,0,0,0,0,0,0,0,0,0,0,0,0,0,-10,-10,0,0,0,0,0,-10,-10,-10,-10,-10,-10,-10
0,0,0,0,0,0,0,0,0,0,0,0,0,-10,-10,0,0,0,0,0,-10,-10,-10,-10,-10,-10,-10,-10
0,0,0,0,0,0,0,0,0,0,0,0,0,-10,-10,0,0,0,0,0,-10,-10,-10,-10,-10,-10,-10,-10
0,0,0,0,0,0,0,0,0,0,0,0,-10,-10,0,0,0,0,0,-10,-10,-10,-10,-10,-10,-10,-10,-10
0,0,0,0,0,0,0,0,0,0,0,0,0,0,0,0,0,0,-10,-10,0,0,0,0,0,-10,-10,0
0,0,0,0,0,0,0,0,0,0,0,0,0,0,0,0,0,0,0,0,0,0,0,0,0,-10,-10,0
0,0,0,0,0,0,0,0,0,0,0,0,0,0,0,0,0,0,0,0,0,0,0,0,-10,-10,0,0
0,0,0,0,0,0,0,0,0,0,0,0,0,0,0,0,0,0,0,0,0,0,0,-10,-10,0,0,0
0,0,0,0,0,0,0,0,0,0,0,0,0,0,0,0,0,0,0,0,0,0,0,-10,-10,0,0,0
0,0,0,0,0,0,0,0,0,0,0,0,0,0,0,0,0,0,0,0,0,0,-10,-10,0,0,0,0
0,0,0,0,0,0,0,0,0,0,0,0,0,0,-10,-10,0,0,0,0,0,-10,-10,0,0,0,0,0
0,0,0,0,0,0,0,-10,-10,0,0,0,0,0,-10,-10,0,0,0,0,0,-10,-10,6,0,0,0,0
0,0,0,0,0,0,0,-10,0,0,0,0,0,0,-10,0,0,0,0,0,0,-10,6,0,0,0,0,0
0,0,0,0,0,0,0,0,0,0,0,0,0,0,6,0,0,0,0,0,0,-10,-10,-10,-10,-10,-10,-10
0,0,0,0,0,0,0,0,0,0,0,0,0,0,6,6,0,0,0,0,0,-10,-10,-10,-10,-10,-10,-10
0,0,0,0,0,0,0,0,0,0,0,0,0,0,6,0,0,0,0,0,0,-10,-10,-10,-10,-10,-10,-10
0,0,0,0,0,0,0,0,0,0,0,0,0,0,0,0,0,0,0,0,0,-10,-10,-10,-10,-10,-10,-10
0,0,0,0,0,0,0,0,0,0,0,0,0,0,0,0,0,0,0,0,0,-10,-10,-10,-10,-10,-10,-10
0,0,0,0,0,0,0,0,0,0,0,0,0,0,0,0,0,0,0,0,0,-10,-10,-10,-10,-10,-10,-10
0,0,0,0,0,0,0,0,0,0,0,0,0,0,0,0,0,0,0,0,0,-10,-10,-10,-10,-10,-10,-10
0,0,0,0,0,0,0,0,0,0,0,0,0,0,0,0,0,0,0,0,0,-10,-10,-10,-10,-10,-10,-10
0,0,0,0,0,0,0,0,0,0,0,0,0,0,0,0,0,0,0,0,0,-10,-10,-10,-10,-10,-10,-10
0,0,0,0,0,0,0,0,0,0,0,0,0,0,0,0,0,0,0,0,0,-10,-10,-10,-10,-10,-10,-10
0,0,0,0,0,0,0,0,0,0,0,0,0,0,0,0,0,0,0,0,0,-10,-10,-10,-10,-10,-10,-10
0,0,0,0,0,0,0,0,0,0,0,0,0,0,0,0,0,0,0,0,0,-10,-10,-10,-10,-10,-10,-10
0,0,0,0,0,0,0,0,0,0,0,0,0,0,0,0,0,0,0,0,0,-10,-10,-10,-10,-10,-10,-10
0,0,0,0,0,0,0,0,0,0,0,0,0,0,0,0,0,0,0,0,0,-10,-10,-10,-10,-10,-10,-10
0,0,0,0,0,0,0,0,0,0,0,0,0,0,0,0,0,0,0,0,0,-10,-10,-10,-10,-10,-10,-10
-11,-11,0,0,0,0,0,0,0,0,0,0,0,-10,0,0,0,0,0,0,-10,0,0,0,0,0,0,-10
0,0,0,0,0,0,0,-11,0,0,0,0,0,0,0,0,0,0,0,-10,-10,0,0,0,0,0,-10,-10
0,0,0,0,0,0,0,0,0,0,0,0,0,0,-11,0,0,0,0,0,0,0,0,0,0,0,-10,-10
0,0,0,0,0,0,0,0,0,0,0,0,0,0,0,0,0,0,0,0,0,0,0,0,0,-10,-10,-10
0,0,0,0,0,0,0,0,0,0,0,0,0,0,0,0,0,0,0,0,0,0,0,0,-10,-10,-10,0
0,0,0,0,0,0,0,0,0,0,0,0,0,0,0,0,0,0,0,0,0,0,0,0,-10,-10,-10,0
0,0,0,0,0,0,0,0,0,0,0,0,0,0,0,0,0,0,0,0,0,0,0,-10,-10,-10,0,0
0,0,0,0,0,0,0,0,0,0,0,0,0,0,0,0,0,0,0,0,0,0,-10,-10,-10,0,0,0
0,0,0,0,0,0,0,0,0,0,0,0,0,0,0,0,0,0,0,0,0,0,-10,-10,-10,0,0,0
0,0,0,0,0,0,21,0,0,0,0,0,0,0,-10,-10,-10,0,0,0,0,-10,-10,-10,0,0,0,0
0,0,0,0,0,21,21,0,0,0,0,0,0,0,-10,-10,0,0,0,0,0,-10,-10,0,0,0,0,0
0,0,0,0,0,21,21,0,0,0,0,0,0,0,-10,-10,0,0,0,0,0,-10,-10,0,0,0,0,0
0,0,0,0,0,0,0,-10,0,0,0,0,0,0,-10,0,0,0,0,0,0,-10,-10,-10,-10,-10,-10,-10
0,0,0,0,0,0,0,0,0,0,0,0,0,0,0,0,0,0,0,0,0,-10,-10,-10,-10,-10,-10,-10
0,0,0,0,0,0,0,0,0,0,0,0,0,0,0,0,0,0,0,0,0,-10,-10,-10,-10,-10,-10,-10
0,0,0,0,0,0,0,0,0,0,0,0,0,0,0,0,0,0,0,0,0,-10,-10,-10,-10,-10,-10,-10
0,0,0,0,0,0,0,0,0,0,0,0,0,0,0,0,0,0,0,0,0,-10,-10,-10,-10,-10,-10,-10
0,0,0,0,0,0,0,0,0,0,0,0,0,0,0,0,0,0,0,0,0,-10,-10,-10,-10,-10,-10,-10
0,0,0,0,0,0,0,0,0,0,0,0,0,0,0,0,0,0,0,0,0,-10,-10,-10,-10,-10,-10,0
0,0,0,0,0,0,16,0,0,0,0,0,0,0,0,0,0,0,0,0,0,-10,-10,-10,-10,-10,0,0
0,0,0,0,0,0,16,0,0,0,0,0,0,0,0,0,0,0,0,0,0,-10,-10,-10,-10,-10,0,0
0,0,0,0,0,16,16,0,0,0,0,0,0,0,0,0,0,0,0,0,0,-10,-10,-10,-10,0,0,0
0,0,0,0,0,0,0,0,0,0,0,0,0,0,-10,-10,-10,0,0,0,0,-10,-10,-10,-10,-10,-10,-10
0,0,0,0,0,0,0,0,0,0,0,0,0,0,-10,-10,0,0,0,0,0,-10,-10,-10,-10,-10,-10,-10
0,0,0,0,0,0,0,0,0,0,0,0,0,0,-10,-10,0,0,0,0,0,-10,-10,-10,-10,-10,-10,-10
0,0,0,0,0,0,0,0,0,0,0,0,0,0,-10,0,0,0,0,0,0,-10,-10,-10,-10,-10,-10,-10
0,0,0,0,0,0,0,0,0,0,0,0,0,0,0,0,0,0,0,0,2,-10,-10,-10,-10,-10,-10,-10
0,0,0,0,0,0,0,0,0,0,0,0,0,0,0,0,0,0,0,0,2,-10,-10,-10,-10,-10,-10,-10
0,0,0,0,0,0,0,0,0,0,0,0,0,0,0,0,0,0,0,2,0,-10,-10,-10,-10,-10,-10,-10
0,0,0,0,0,0,0,0,0,0,25,0,0,0,0,0,0,0,0,2,0,-10,-10,-10,-10,-10,-10,-10
16,21,16,-10,16,16,16,0,0,0,0,0,0,0,0,0,0,25,0,0,0,0,0,0,0,2,0,4
21,16,-10,16,16,16,0,0,0,0,0,0,0,0,0,0,0,0,0,0,0,0,0,2,0,0,4,0
0,0,0,0,0,0,0,0,0,0,0,0,0,0,0,0,0,2,0,4,0,-10,-10,-10,-10,-10,-10,-10
0,0,0,0,0,0,0,0,0,0,0,0,0,0,0,0,2,13,4,0,0,-10,-10,-10,-10,-10,-10,-10
16,-10,16,0,16,0,0,0,0,0,0,0,0,0,0,0,0,0,0,0,0,0,0,2,4,0,0,0
-10,16,0,16,0,0,0,0,0,0,0,0,0,0,0,0,0,0,0,0,0,0,2,4,0,0,0,-10
0,0,0,0,0,0,0,0,0,0,0,0,0,0,0,2,4,0,0,0,-10,-10,-10,-10,-10,-10,-10,-10
16,0,16,0,0,0,0,0,0,0,25,0,0,0,0,0,0,0,0,0,0,2,4,0,0,0,-10,-10
0,0,0,0,0,0,0,16,0,16,0,0,0,0,0,0,0,0,0,0,0,0,0,0,25,0,0,0
0,0,0,0,0,0,0,0,16,0,0,0,0,0,0,0,0,0,0,0,0,0,0,0,25,0,0,0
0,0,0,0,0,0,0,0,16,0,0,0,0,0,0,0,0,0,0,0,0,0,0,0,25,0,0,0
0,0,0,0,0,0,0,16,0,0,0,0,0,0,0,0,0,0,0,0,0,0,0,0,25,0,0,0
0,0,0,0,0,0,0,0,0,0,0,0,0,0,0,0,0,0,0,0,0,0,0,25,0,0,0,0
0,0,0,0,0,0,0,0,0,0,25,0,0,0,0,0,0,0,0,0,0,0,13,-10,-10,-10,-10,-10
0,0,0,0,0,0,0,0,0,25,0,0,0,0,0,0,0,0,0,0,-10,0,-10,-10,-10,-10,-10,-10
0,0,0,0,0,0,0,0,0,0,25,0,0,0,0,0,0,0,0,0,-10,0,-10,-10,-10,-10,-10,-10
0,0,0,0,0,0,0,0,0,25,0,0,0,0,0,0,0,0,0,-10,-10,-10,-10,-10,-10,-10,-10,-10
0,0,0,0,0,0,0,0,0,25,0,0,0,0,0,0,0,0,-10,-10,-10,-10,-10,-10,-10,-10,-10,-10
0,0,0,0,0,0,0,0,0,0,0,0,0,0,0,0,25,0,0,0,0,0,0,0,0,-10,-10,-10
0,0,0,0,0,0,-11,0,0,0,0,0,0,0,0,0,0,0,0,0,0,0,0,25,0,0,0,0
0,0,0,0,0,-11,-11,0,0,0,0,0,0,0,0,0,0,0,0,0,0,0,25,0,0,0,0,0
0,0,0,0,0,-11,-11,0,0,0,0,0,0,0,0,0,0,0,0,0,0,0,0,25,0,0,0,0
0,0,0,0,-11,-11,-11,0,0,0,0,0,0,0,0,0,0,0,0,0,0,0,25,0,0,0,0,0
0,0,0,0,-11,-11,-11,0,0,0,0,0,0,0,0,0,0,0,0,0,0,0,0,25,0,0,0,0
0,0,0,0,0,0,0,0,25,0,0,0,0,0,0,0,0,0,0,0,0,-10,-10,-10,-10,-10,-10,-10
0,0,0,0,0,0,0,0,25,0,0,0,0,0,0,0,0,0,0,0,6,-10,-10,-10,-10,-10,-10,-10
0,0,0,0,0,0,0,0,25,0,0,0,0,0,0,0,0,0,0,0,6,-10,-10,-10,-10,-10,-10,-10
0,0,0,0,0,0,0,0,25,0,0,0,0,0,0,0,0,0,0,6,4,-10,-10,-10,-10,-10,-10,-10
-11,-11,-11,-11,-11,-11,0,0,0,0,0,0,0,0,25,0,0,0,0,0,0,0,0,0,0,6,4,0
0,9,0,0,0,0,0,-11,-11,-11,-11,-11,-11,0,0,0,0,0,0,0,0,0,25,0,0,0,0,0
9,0,0,0,0,0,0,-11,-11,-11,-11,-11,0,0,0,0,0,0,0,0,0,25,0,0,0,0,0,0
0,0,0,0,0,0,0,-11,-11,-11,-11,0,0,0,0,0,0,0,0,0,0,25,0,0,0,0,0,0
0,0,0,0,0,0,0,-11,-11,-11,-11,0,0,0,0,0,0,0,0,0,0,0,0,0,0,0,0,0
0,0,0,0,0,0,0,-11,-11,-11,0,0,0,0,0,0,0,0,0,0,0,0,0,0,0,0,0,0
-11,-11,0,0,0,0,0,0,0,0,0,0,0,0,0,0,0,0,0,0,0,4,0,0,0,0,0,0
0,0,0,0,0,0,0,0,0,0,0,0,0,0,6,0,0,0,0,0,0,-10,-10,-10,-10,-10,-10,-10
0,0,0,0,0,0,0,0,0,0,0,0,0,0,0,0,0,0,0,0,0,-10,-10,-10,-10,-10,-10,-10
0,0,0,0,0,0,0,0,0,0,0,0,0,0,0,0,0,0,0,0,0,-10,-10,-10,-10,-10,-10,-10
0,0,0,0,0,0,0,0,0,0,0,0,0,0,0,0,0,0,0,0,0,-10,-10,-10,-10,-10,-10,-10
0,0,0,0,0,0,0,0,0,0,0,0,0,0,0,0,0,0,0,0,0,-10,-10,-10,-10,-10,-10,-10
0,0,0,0,0,0,0,0,0,0,0,0,0,0,0,0,0,0,0,0,0,-10,-10,-10,-10,-10,-10,-10
0,0,0,0,0,0,0,0,0,0,0,0,0,0,0,0,0,0,0,0,0,-10,-10,-10,-10,-10,-10,-10
0,0,0,0,0,0,0,0,0,0,0,0,0,0,0,0,0,0,0,0,0,-10,-10,-10,-10,-10,-10,-10
0,0,0,0,0,0,0,0,0,0,0,0,0,0,0,0,0,0,0,0,0,-10,-10,-10,-10,-10,-10,-10
0,0,0,0,0,0,0,0,0,0,0,0,0,0,0,0,0,0,0,0,0,-10,-10,-10,-10,-10,-10,-10
0,0,0,0,0,0,0,0,0,0,0,0,0,0,0,0,0,0,0,0,0,-10,-10,-10,-10,-10,-10,-10
0,0,0,0,0,0,9,0,0,0,0,0,0,0,0,0,0,0,0,0,0,0,0,0,0,0,0,2
0,0,0,0,0,0,0,0,0,0,0,0,9,-11,0,0,0,0,0,0,0,0,0,0,0,0,0,0
0,0,0,0,0,0,0,0,0,0,0,0,0,-11,0,0,0,0,0,9,0,0,0,0,0,0,0,0
0,0,0,0,0,0,2,0,0,0,0,0,-11,-11,0,0,0,0,9,0,0,0,0,0,0,0,0,0
0,0,0,0,0,2,0,0,0,0,0,-11,-11,-11,0,0,0,0,0,0,0,0,0,0,9,0,0,0
0,0,0,0,0,2,0,0,0,0,0,-11,-11,-11,0,0,0,0,0,0,0,0,0,9,0,0,0,0
0,0,0,-11,-11,-11,-11,0,0,0,0,0,0,0,0,0,0,0,0,0,0,0,2,0,0,0,0,0
0,0,0,0,0,0,0,0,0,0,0,0,0,0,2,0,0,0,0,0,0,-10,-10,-10,-10,-10,-10,-10
0,0,0,0,0,0,0,0,0,0,0,0,0,0,2,0,0,0,0,0,0,-10,-10,-10,-10,-10,-10,-10
0,0,0,0,0,0,0,0,0,0,0,0,0,0,0,0,0,0,0,0,0,-10,-10,-10,-10,-10,-10,-10
0,0,0,0,0,0,0,0,0,0,0,0,0,0,0,0,0,0,0,0,0,-10,-10,-10,-10,-10,-10,-10
0,0,0,0,0,0,0,0,0,0,0,0,0,0,0,0,0,0,0,0,0,-10,-10,-10,-10,-10,-10,-10
0,0,0,0,0,0,0,0,0,0,0,0,0,0,0,0,0,0,0,0,0,-10,-10,-10,-10,-10,-10,-10
0,0,0,0,0,0,0,0,0,0,0,0,0,0,0,0,0,0,0,0,0,-10,-10,-10,-10,-10,-10,-10
0,0,0,0,0,0,0,0,0,0,0,0,0,0,0,0,0,0,0,0,0,-10,-10,-10,-10,-10,-10,-10
0,0,0,0,0,0,0,0,0,0,0,0,0,0,0,0,0,0,0,0,0,-10,-10,-10,-10,-10,-10,-10
0,0,0,0,0,0,0,0,0,0,0,0,0,0,0,0,0,0,0,0,0,-10,-10,-10,-10,-10,-10,-10
0,0,0,0,0,0,0,0,0,0,0,0,0,0,0,0,0,0,0,0,0,-10,-10,-10,-10,-10,-10,-10
0,0,0,0,0,0,0,0,0,0,0,0,0,0,0,0,0,0,0,0,0,-10,-10,-10,-10,-10,-10,-10
0,0,0,0,0,0,0,0,0,0,0,0,0,0,0,0,0,0,0,0,0,-10,-10,-10,-10,-10,-10,-10
0,0,0,0,0,0,0,0,0,0,0,0,0,0,0,0,0,0,0,0,0,-10,-10,-10,-10,-10,-10,-10
0,0,0,0,0,0,0,0,0,0,0,0,0,0,0,0,0,0,0,0,0,-10,-10,-10,-10,-10,-10,-10
0,0,0,0,0,0,0,0,0,0,0,0,0,0,0,0,0,0,0,0,0,-10,-10,-10,-10,-10,-10,-10
0,0,0,0,0,0,0,0,0,0,0,0,0,0,0,0,0,0,0,0,6,-10,-10,-10,-10,-10,-10,-10
0,0,0,0,0,0,0,0,0,0,0,0,0,0,0,0,0,0,0,0,6,-10,-10,-10,-10,-10,-10,-10
0,0,0,0,0,0,0,0,0,0,0,0,0,0,0,0,0,0,0,6,0,-10,-10,-10,-10,-10,-10,-10
0,0,0,0,0,0,0,0,0,0,0,0,0,0,0,0,0,0,0,0,0,0,0,0,0,6,0,0
0,0,0,0,0,0,0,0,0,0,0,0,0,0,0,0,0,0,0,0,0,0,0,0,0,0,0,0
0,0,0,0,0,0,0,0,0,0,0,0,0,0,0,0,0,0,0,0,0,0,0,0,0,0,0,0
0,0,0,0,0,0,0,0,0,0,0,0,0,0,0,0,0,0,0,0,0,0,0,0,0,0,0,0
0,0,0,0,0,0,0,0,0,0,0,0,0,0,0,0,0,0,0,0,0,0,0,0,0,0,0,0
0,0,0,0,0,0,0,0,0,0,0,0,0,0,0,0,0,0,0,0,0,0,0,0,0,0,0,0
0,0,0,0,0,0,0,0,0,0,0,0,0,0,0,0,0,0,0,0,0,0,0,0,0,0,0,0
0,0,0,0,0,0,0,0,0,0,0,0,0,0,0,0,0,0,0,0,0,0,0,0,0,0,0,0
0,0,0,0,0,0,0,0,0,0,0,0,0,0,0,0,0,0,0,0,0,0,0,0,0,0,0,0
0,0,0,0,0,0,0,0,0,0,0,0,0,0,0,0,0,0,0,0,0,0,0,0,0,0,0,0
0,0,0,0,0,0,0,0,0,0,0,0,0,0,0,0,0,0,0,0,0,-10,0,0,0,0,0,0
0,0,0,0,0,0,0,0,0,0,0,0,0,0,0,0,0,0,0,0,0,0,0,0,0,0,0,0
0,0,0,0,0,0,0,0,0,0,0,0,0,0,0,0,0,0,0,0,0,-10,0,0,-10,-10,-10,-10
0,0,0,0,0,0,0,0,0,0,0,0,0,0,0,0,0,0,0,0,0,0,0,-10,-10,-10,-10,-10
0,0,0,0,0,0,0,0,0,0,0,0,0,0,0,0,0,0,0,0,0,0,0,-10,-10,-10,-10,-10
0,0,0,0,0,0,0,0,0,0,0,0,0,-10,0,0,0,0,0,0,-10,0,-10,-10,-10,-10,-10,-10
0,0,0,0,0,0,0,0,0,0,0,0,0,0,0,0,0,0,0,-10,-10,0,0,0,0,0,-10,-10
0,0,0,0,0,0,0,0,0,0,0,0,0,0,0,0,0,0,0,0,0,0,0,0,0,0,-10,-10
0,0,0,0,0,0,0,0,0,0,0,0,0,0,0,0,0,0,0,0,0,0,0,0,0,-10,-10,-10
0,0,0,0,0,0,0,0,0,0,0,0,0,0,0,0,0,0,0,0,0,0,0,0,-10,-10,-10,-10
0,0,0,0,0,0,0,0,0,0,0,0,0,0,0,0,0,0,0,0,0,0,0,0,-10,-10,-10,-10
0,0,0,0,0,0,0,0,0,0,0,0,0,0,0,0,0,0,0,0,0,0,0,-10,-10,-10,-10,-10
0,0,0,0,0,0,0,0,0,0,0,0,0,0,0,0,0,0,0,0,0,0,-10,-10,-10,-10,-10,-10
0,0,0,0,0,0,0,0,0,0,0,0,0,0,0,0,0,0,0,0,0,0,-10,-10,-10,-10,-10,-10
0,0,0,0,0,0,0,0,0,0,0,0,0,0,0,0,0,0,0,0,0,-10,-10,-10,-10,-10,-10,-10
0,0,0,0,0,0,0,0,0,0,0,0,0,0,0,0,0,0,0,0,0,-10,-10,-10,-10,-10,-10,-10
0,0,0,0,0,0,0,0,0,0,0,0,0,0,0,0,0,0,0,0,0,-10,-10,-10,-10,-10,-10,-10
0,0,0,0,0,0,0,0,0,0,0,0,0,0,0,0,0,0,0,0,0,-10,-10,-10,-10,-10,-10,-10
0,0,0,0,0,0,0,0,0,0,0,0,0,0,0,0,0,0,0,0,0,-10,-10,-10,-10,-10,-10,-10
0,0,0,0,0,0,0,0,0,0,0,0,0,0,0,0,0,0,0,0,0,-10,-10,-10,-10,-10,-10,-10
0,0,0,0,0,0,0,0,0,0,0,0,0,0,0,0,0,0,0,0,0,-10,-10,-10,-10,-10,-10,-10
0,0,0,0,0,0,0,0,0,0,0,0,0,0,0,0,0,0,0,0,0,-10,-10,-10,-10,-10,-10,-10
0,0,0,0,0,0,0,0,0,0,0,0,0,0,0,0,0,0,0,0,0,-10,-10,-10,-10,-10,-10,-10
0,0,0,0,0,0,0,0,0,0,0,0,0,0,0,0,0,0,0,0,0,-10,-10,-10,-10,-10,-10,-10
0,0,0,0,0,0,0,0,0,0,0,0,0,0,0,0,0,0,0,0,0,-10,-10,-10,-10,-10,-10,-10
0,0,0,0,0,0,0,0,0,0,0,0,0,0,0,0,0,0,0,0,0,-10,-10,-10,-10,-10,-10,-10
0,0,0,0,0,0,0,0,0,0,0,0,0,0,0,0,0,0,0,0,0,-10,-10,-10,-10,-10,-10,-10
0,0,0,0,0,0,0,0,0,0,0,0,0,0,0,0,0,0,0,0,0,-10,-10,-10,-10,-10,-10,-10
0,0,0,0,0,0,0,0,0,0,0,0,0,0,0,0,0,0,0,0,0,-10,-10,-10,-10,-10,-10,-10
0,0,0,0,0,0,0,0,0,0,0,0,0,0,0,0,0,0,0,0,0,-10,-10,-10,-10,-10,-10,-10
0,0,0,0,0,0,0,0,0,0,0,0,0,0,0,0,0,0,0,0,0,-10,-10,-10,-10,-10,-10,-10
0,0,0,0,0,0,0,0,0,0,0,0,0,0,0,0,0,0,0,0,0,-10,-10,-10,-10,-10,-10,-10
0,0,0,0,0,0,0,0,0,0,0,0,0,0,0,0,0,0,0,0,0,-10,-10,-10,-10,-10,-10,-10
0,0,0,0,0,0,0,0,0,0,0,0,0,0,0,0,0,0,0,0,-10,-10,-10,-10,-10,-10,-10,-10
0,0,0,0,0,0,0,0,0,0,0,0,0,0,0,0,0,0,0,-10,-10,-10,-10,-10,-10,-10,-10,-10
0,0,0,0,0,0,0,0,0,0,0,0,0,0,0,0,0,0,0,-10,-10,-10,-10,-10,-10,-10,-10,-10
-11,0,0,0,0,0,0,0,0,0,0,0,0,0,0,0,0,0,0,0,0,0,0,0,0,-10,-10,-10
0,0,0,0,0,0,0,0,0,0,0,0,0,0,0,0,0,0,0,0,0,0,0,0,0,0,0,0
0,0,0,0,0,0,0,0,0,0,0,0,0,0,0,0,0,0,0,0,0,0,0,0,0,0,0,0
0,0,0,0,0,0,0,0,0,0,0,0,0,0,0,0,0,0,0,0,0,0,0,0,0,0,0,0
0,0,0,0,0,0,0,0,0,0,0,0,0,0,0,0,0,0,0,0,0,0,0,0,0,0,0,0
0,0,0,0,0,0,0,0,0,0,0,0,0,0,0,0,0,0,0,0,0,0,0,0,0,0,0,0
0,0,0,0,0,0,0,0,0,0,0,0,0,0,0,0,0,0,0,0,0,-10,-10,-10,-10,-10,-10,-10
0,0,0,0,0,0,0,0,0,0,0,0,0,0,0,0,0,0,0,0,0,-10,-10,-10,-10,-10,-10,-10
0,0,0,0,0,0,0,0,0,0,0,0,0,0,0,0,0,0,0,0,0,-10,-10,-10,-10,-10,-10,-10
0,0,0,0,0,0,0,0,0,0,0,0,0,0,0,0,0,0,0,0,0,-10,-10,-10,-10,-10,-10,-10
0,0,0,0,0,0,0,0,0,0,0,0,0,20,0,0,0,0,0,0,20,0,0,0,0,0,0,20
0,0,0,0,0,0,0,0,0,0,0,0,0,0,0,0,0,0,0,0,20,0,0,0,0,0,0,20
0,0,0,0,0,0,0,0,0,0,0,0,0,0,0,0,0,0,0,0,0,0,0,0,0,0,20,20
0,0,0,0,0,0,0,0,0,0,0,0,0,0,0,0,0,0,0,0,0,0,0,0,0,20,20,0
0,0,0,0,0,0,0,0,0,0,0,0,0,0,0,0,0,0,0,0,0,0,0,0,0,20,20,0
0,0,0,0,0,0,0,0,0,0,25,0,0,0,0,0,0,0,0,0,0,0,0,0,20,20,0,0
0,0,0,0,0,0,0,0,0,0,25,0,0,0,0,0,0,0,0,0,0,0,0,0,20,20,0,0
0,0,0,0,0,0,0,0,0,0,25,0,0,0,0,0,0,0,0,0,0,0,0,20,20,0,0,0
0,0,0,0,0,0,0,0,0,0,0,0,0,0,0,0,25,0,0,0,0,0,20,20,0,0,0,20
0,0,0,0,0,0,0,0,0,0,0,0,0,0,0,0,0,25,0,0,0,0,20,20,0,0,0,20
0,0,0,0,0,0,0,0,0,0,0,0,0,0,0,0,0,0,0,0,0,0,0,0,0,0,0,0
0,0,0,0,0,0,0,0,0,0,0,0,0,0,0,0,0,0,0,0,0,0,0,0,0,0,0,0
0,0,0,0,0,0,0,0,0,0,0,0,0,0,0,0,0,0,0,0,0,0,0,0,0,0,0,0
0,0,0,0,0,0,0,0,0,0,0,0,0,0,0,0,0,0,0,0,0,0,0,0,0,0,0,0
0,0,0,0,0,0,0,0,0,0,0,0,0,0,0,0,0,0,0,0,0,0,0,0,0,0,0,0
0,0,0,0,0,0,0,0,0,0,0,0,0,0,0,0,0,0,0,0,0,0,0,0,0,0,0,0
0,0,0,0,0,0,0,0,0,0,0,0,0,0,0,0,0,0,0,0,0,0,0,0,0,0,0,0
0,0,0,0,0,0,0,0,0,0,0,0,0,0,0,0,0,0,0,0,0,0,20,20,0,0,0,0
0,0,0,0,0,0,0,0,0,0,0,0,0,0,0,0,0,0,0,0,0,20,20,0,0,0,0,0
0,0,0,0,0,0,0,0,0,0,0,0,0,0,20,0,0,0,0,0,0,20,0,20,20,0,0,0
0,0,0,0,0,0,0,0,0,0,0,0,0,0,20,0,0,0,0,0,0,20,0,20,20,0,0,0
0,0,0,0,0,0,0,0,0,0,0,0,0,0,0,20,20,0,0,0,0,0,20,20,0,0,0,0
0,0,0,0,0,0,0,20,20,0,0,0,0,0,20,20,0,0,0,0,0,-10,-10,-10,-10,-10,-10,-10
0,0,0,0,0,0,0,20,20,0,0,0,0,0,20,20,0,0,0,0,0,-10,-10,-10,-10,-10,-10,-10
0,0,0,0,0,0,0,20,0,0,0,0,0,0,20,0,0,0,0,0,0,-10,-10,-10,-10,-10,-10,-10
0,0,0,0,0,0,0,0,0,0,0,0,0,0,0,0,0,0,0,0,0,-10,-10,-10,-10,-10,-10,-10
0,0,0,0,0,0,0,0,0,0,0,0,0,0,0,0,0,0,0,0,0,-10,-10,-10,-10,-10,-10,-10
0,0,0,0,0,0,0,0,0,0,0,0,0,0,0,0,0,0,0,0,0,-10,-10,-10,-10,-10,-10,-10
0,0,0,0,0,0,0,0,0,0,0,0,0,0,0,0,0,0,0,0,0,-10,-10,-10,-10,-10,-10,-10
0,0,0,0,0,0,0,0,0,0,0,0,0,0,0,0,0,0,0,0,0,-10,-10,-10,-10,-10,-10,-10
0,0,0,0,0,0,0,0,0,0,0,0,0,0,0,0,0,0,0,0,0,-10,-10,-10,-10,-10,-10,-10
0,0,0,0,0,0,0,0,0,0,0,0,0,0,0,0,0,0,0,0,0,-10,-10,-10,-10,-10,-10,-10
0,0,0,0,0,0,0,0,0,0,0,0,0,0,0,0,0,0,0,0,0,-10,-10,-10,-10,-10,-10,-10
0,0,0,0,0,0,0,0,0,0,0,0,0,0,0,0,0,0,0,0,0,-10,-10,-10,-10,-10,-10,-10
0,0,0,0,0,0,0,0,0,0,0,0,0,0,0,0,0,0,0,0,0,-10,-10,-10,-10,-10,-10,-10