0 0 0 0 0 0 0 0 0 0 0 0 0 0 0 0 0 0 0 0 0 0 0 0 0 0 0 0
0 0 0 0 0 0 0 0 0 0 0 0 0 0 0 0 0 0 0 0 0 0 0 0 0 0 0 0
0 0 0 0 0 0 0 0 0 0 0 0 0 0 0 0 0 0 0 0 0 0 0 0 0 0 0 0
0 0 0 0 0 0 0 0 0 0 0 25 0 0 0 0 0 0 0 0 0 0 0 0 0 0 0 0
0 0 0 0 0 0 0 0 0 0 0 25 0 0 0 0 0 0 0 0 0 0 0 0 0 0 0 0
0 0 0 0 0 25 0 0 0 0 0 0 0 0 0 0 0 0 0 0 0 0 0 0 0 0 0 0
0 0 0 0 0 0 0 0 0 0 0 0 0 0 0 0 0 0 0 0 0 0 0 0 0 0 0 0
0 0 0 0 0 25 0 0 0 0 0 0 0 0 0 0 0 0 0 0 0 0 0 0 0 0 0 0
0 0 0 0 25 0 0 0 0 0 0 0 0 0 0 0 0 0 0 0 0 0 0 0 0 0 0 0
0 0 0 0 0 0 0 0 0 0 0 0 0 0 0 0 0 0 0 0 0 0 0 0 0 0 0 0
0 0 0 0 0 0 0 0 0 0 0 0 0 0 0 0 0 0 0 0 0 0 0 0 0 0 0 0
0 0 0 0 0 0 0 0 0 0 0 0 0 0 0 0 0 0 0 0 0 0 0 0 0 0 0 0
0 0 0 0 0 0 0 0 0 0 0 0 0 0 0 0 0 0 0 0 0 0 0 0 0 0 0 0
0 0 0 0 0 0 0 0 0 0 0 0 0 0 0 0 0 0 0 0 0 0 0 0 0 0 0 0
0 0 0 0 0 0 0 0 0 0 0 0 0 0 0 0 0 0 0 0 0 0 0 0 0 0 0 0
0 0 0 0 0 0 0 0 0 0 0 0 0 0 0 0 0 0 0 0 0 0 0 0 0 0 0 0
0 0 0 0 0 0 0 0 0 0 0 0 0 0 0 0 0 0 0 0 0 -10 -10 -10 -10 -10 -10 -10
0 0 0 0 0 0 0 0 0 0 0 0 0 0 0 0 0 0 0 0 0 -10 -10 -10 -10 -10 -10 -10
0 0 0 0 25 0 0 0 0 0 0 0 0 -10 0 0 0 0 0 0 -10 -10 -10 -10 -10 -10 -10 -10
0 0 0 0 0 0 6 0 0 0 0 25 -10 -10 0 0 0 0 0 -10 -10 -10 -10 -10 -10 -10 -10 -10
0 0 0 0 0 0 0 0 0 0 0 0 0 6 0 0 0 0 0 -10 -10 0 0 0 0 0 -10 -10
0 0 0 0 0 0 0 0 0 0 0 0 0 0 0 0 0 0 0 6 0 0 0 0 0 -10 -10 -10
0 0 0 0 0 0 0 0 0 0 0 0 0 0 0 0 0 0 0 6 0 0 0 0 0 -10 -10 -10
0 0 0 0 0 0 0 0 0 0 0 0 0 0 0 0 0 6 0 0 0 0 0 0 -10 -10 -10 -10
0 0 0 0 0 0 0 0 0 0 0 0 0 0 0 0 0 0 0 0 0 0 0 6 0 0 0 0
0 0 0 0 0 0 0 0 0 0 0 0 0 0 0 0 0 0 0 0 0 0 0 0 0 0 0 0
0 0 0 0 0 0 0 0 0 0 0 0 0 0 0 0 0 0 0 0 0 0 0 0 0 0 0 0
0 0 0 0 0 0 0 0 0 0 0 0 0 0 0 0 0 0 0 0 0 0 0 0 0 0 0 0
0 0 0 0 0 0 0 0 0 0 0 0 0 0 0 0 0 0 0 0 0 0 0 0 0 0 0 0
0 0 0 0 0 0 0 0 0 0 0 0 0 0 0 0 0 0 0 0 0 0 0 0 0 0 0 0
0 0 0 0 0 0 0 0 0 0 0 0 0 0 0 0 0 0 0 0 0 0 0 0 0 0 0 0
0 0 0 0 0 0 0 0 0 0 0 0 0 0 0 0 0 0 0 0 0 0 0 0 0 0 0 0
0 0 0 0 0 0 0 0 0 0 0 0 0 0 0 0 0 0 0 0 0 -10 -10 -10 -10 -10 -10 -10
0 0 0 0 0 0 0 0 0 0 0 0 0 0 0 0 0 0 0 0 0 -10 -10 -10 -10 -10 -10 -10
0 0 0 0 0 0 0 0 0 0 0 0 0 0 0 0 0 0 0 0 0 -10 -10 -10 -10 -10 -10 -10
0 0 0 0 0 0 0 0 0 0 0 0 0 0 0 0 0 0 0 0 0 -10 -10 -10 -10 -10 -10 -10
0 0 0 0 0 0 0 0 0 0 0 0 0 0 0 0 0 0 0 0 0 -10 -10 -10 -10 -10 -10 -10
0 0 0 0 0 0 0 0 0 0 0 0 0 0 0 0 0 0 0 0 0 -10 -10 -10 -10 -10 -10 -10
0 0 0 0 0 0 0 0 0 0 0 0 0 0 0 0 0 0 0 0 0 -10 -10 -10 -10 -10 -10 -10
0 0 0 0 0 0 0 0 0 0 0 0 0 0 0 0 0 0 0 0 9 -10 -10 -10 -10 -10 -10 -10
0 0 0 0 0 0 0 0 0 0 0 0 0 0 0 0 0 0 0 0 9 -10 -10 -10 -10 -10 -10 -10
0 0 0 0 0 0 0 0 0 0 0 0 0 0 0 0 0 0 0 9 0 -10 -10 -10 -10 -10 -10 -10
0 0 0 0 0 0 0 0 0 0 0 0 0 0 0 0 0 0 9 0 0 -10 -10 -10 -10 -10 -10 -10
0 0 0 0 0 0 0 0 0 0 0 0 0 0 0 0 0 0 9 0 0 -10 -10 -10 -10 -10 -10 -10
21 21 16 0 0 0 0 0 0 0 0 0 0 0 0 0 0 0 0 0 0 0 0 9 0 0 0 0
21 21 16 0 0 0 0 0 0 0 0 0 0 0 0 0 0 0 0 0 0 0 0 9 0 0 0 0
0 0 0 0 0 0 0 0 0 0 0 0 0 0 0 0 9 0 0 0 0 -10 -10 -10 -10 -10 -10 0
0 0 0 0 0 0 0 0 0 0 0 0 0 0 0 9 0 0 0 0 0 -10 -10 -10 -10 -10 0 0
0 0 0 0 0 0 0 0 0 0 0 0 0 0 0 9 0 0 0 0 0 -10 -10 -10 -10 -10 0 0
0 0 0 0 0 0 0 0 0 0 0 0 0 0 9 0 0 0 0 0 0 -10 -10 -10 -10 0 0 0
0 0 0 0 0 0 0 0 0 0 0 0 0 21 0 0 0 0 0 0 0 -10 -10 -10 0 0 0 0
0 0 0 0 0 0 0 0 0 0 0 0 0 21 0 0 0 0 0 0 0 -10 -10 -10 0 0 0 0
0 0 0 0 0 0 0 0 0 0 0 0 0 0 0 0 0 0 0 21 21 0 0 0 0 0 0 0
0 0 0 0 0 0 0 0 0 0 0 0 0 0 0 0 0 0 0 0 0 0 0 0 0 0 21 21
0 0 0 0 0 0 0 0 0 0 0 0 0 0 0 0 0 0 0 0 0 0 0 0 0 21 21 16
0 0 0 0 0 0 0 0 0 0 0 0 0 0 0 0 0 0 0 0 0 0 0 0 0 21 21 16
0 0 0 0 0 0 0 0 0 0 0 0 0 0 0 0 0 0 0 0 0 0 0 0 21 21 16 0
0 0 0 0 0 0 0 0 0 0 0 0 0 0 0 0 0 0 0 0 0 0 0 21 21 16 0 0
0 0 0 0 0 0 0 0 0 0 0 0 0 0 0 0 0 0 0 0 0 0 0 21 21 16 0 0
0 0 0 0 0 0 16 0 0 0 0 0 0 0 0 0 0 0 0 0 0 0 21 21 16 0 0 9
0 0 0 0 0 0 0 0 0 0 0 0 16 16 0 0 0 0 0 0 0 0 0 0 0 0 0 0
0 0 0 0 0 0 0 0 0 0 0 0 0 0 0 0 0 0 0 16 16 0 0 0 0 0 0 0
0 0 0 0 0 0 0 0 0 0 0 0 0 0 0 0 0 0 0 0 0 0 0 0 0 16 16 16
0 0 0 0 0 0 0 0 0 0 0 0 0 0 0 0 0 0 0 0 0 0 0 0 0 16 16 16
0 0 0 0 0 0 0 0 0 0 0 0 0 0 0 0 0 0 0 0 0 0 0 0 16 16 16 16
0 0 0 0 0 0 0 0 0 0 0 0 0 0 0 0 0 0 0 0 0 0 0 16 16 16 16 21
0 0 0 0 0 0 0 0 0 0 0 0 0 0 0 0 0 0 0 0 0 0 0 16 16 16 16 21
0 0 0 0 0 0 0 0 0 0 0 0 0 0 0 0 0 0 0 0 0 0 16 16 16 16 21 16
0 0 0 0 0 0 0 0 0 0 0 0 0 0 0 0 0 0 0 0 0 16 16 16 16 21 16 0
0 0 0 0 0 0 0 0 0 0 0 0 0 0 0 0 0 0 0 0 0 16 16 16 16 21 16 0
0 0 0 0 0 0 0 0 0 0 0 0 0 0 0 0 0 0 0 0 0 16 16 16 21 16 0 0
0 0 0 0 0 0 0 0 0 0 0 0 0 0 0 0 0 0 0 0 0 16 16 21 16 0 0 0
0 0 0 0 0 0 0 0 0 0 0 0 0 0 0 0 0 0 0 0 0 16 16 21 16 0 0 0
0 0 0 0 0 0 0 0 0 0 0 0 0 0 16 21 16 0 0 0 0 0 0 0 0 0 0 0
0 0 0 0 0 0 0 0 0 0 0 0 0 0 21 16 0 0 0 0 0 0 0 0 0 0 0 0
0 0 0 0 0 0 0 0 0 0 0 0 0 0 21 16 0 0 0 0 0 0 0 0 0 0 0 0
0 0 0 0 0 0 0 16 0 0 0 0 0 0 0 0 0 0 0 0 0 0 0 0 0 16 16 21
0 0 0 0 0 0 0 0 0 0 0 0 0 0 0 0 0 0 0 0 0 0 0 0 16 16 21 16
0 0 0 0 0 0 0 0 0 0 0 0 0 0 0 0 0 0 0 0 0 0 0 0 16 16 21 16
0 0 0 0 0 0 0 0 0 0 0 0 0 0 0 0 0 0 0 0 0 0 0 16 16 21 16 0
0 0 0 0 0 0 0 0 0 0 0 0 0 0 0 0 0 0 0 0 0 0 16 16 21 16 0 0
0 0 0 0 0 0 0 0 0 0 0 0 0 0 0 0 0 0 0 0 0 16 16 21 16 0 0 0
0 0 0 0 0 0 0 0 0 0 0 0 0 0 0 0 0 0 0 0 0 16 16 21 16 0 0 0
0 0 0 0 0 0 0 0 0 0 0 0 0 0 16 21 16 0 0 0 0 0 0 0 0 0 0 0
0 0 0 0 0 0 0 0 0 0 0 0 0 0 21 16 0 0 0 0 0 0 0 0 0 0 0 0
0 0 0 0 0 0 0 21 16 0 0 0 0 0 0 0 0 0 0 0 0 0 0 0 0 0 -10 -10
0 0 0 0 0 0 0 16 0 0 0 0 0 0 0 0 0 0 0 0 0 0 0 0 0 -10 -10 -10
0 0 0 0 0 0 0 0 0 0 0 0 0 0 0 0 0 0 0 0 0 0 0 0 -10 -10 -10 -10
0 0 0 0 0 0 0 0 0 0 0 0 0 0 0 0 0 0 0 0 0 0 0 0 -10 -10 -10 -10
0 0 0 0 0 0 0 0 0 0 0 0 0 0 0 0 0 0 0 0 0 0 0 -10 -10 -10 -10 0
0 0 0 0 0 0 0 0 0 0 0 0 0 0 0 0 0 0 0 0 0 0 -10 -10 -10 -10 0 0
0 0 0 0 0 0 0 0 0 0 0 0 0 0 0 0 0 0 0 0 0 0 -10 -10 -10 -10 0 0
0 0 0 0 0 0 0 0 0 0 0 0 0 0 0 0 0 0 0 0 0 -10 -10 -10 -10 0 0 0
0 0 0 0 0 0 0 0 0 0 0 0 0 0 0 0 0 0 0 0 0 -10 -10 -10 0 0 0 -10
0 0 0 0 0 0 0 0 0 0 0 0 0 0 0 0 0 0 0 0 0 0 0 0 0 0 0 0
0 0 0 0 0 0 0 0 0 0 0 0 0 0 0 0 0 0 0 0 0 0 0 0 0 0 0 0
0 0 0 0 0 0 0 0 0 0 0 0 0 0 0 0 0 0 0 0 0 0 0 0 0 0 0 0
0 0 0 0 0 0 0 0 0 0 0 0 0 0 0 0 0 0 0 0 0 0 0 0 0 0 0 0
0 0 0 0 0 0 0 0 0 0 0 0 0 0 0 0 0 0 0 0 0 0 0 0 0 0 0 0
0 0 0 0 0 0 0 0 0 0 0 0 0 0 0 0 0 0 0 0 0 0 0 0 0 0 0 0
0 0 0 0 0 0 0 0 0 0 0 0 0 0 0 0 0 0 0 0 0 0 0 0 0 0 0 0
0 0 0 0 0 0 0 0 0 0 0 0 0 0 0 0 0 0 0 0 0 0 0 0 0 0 0 0
0 0 0 0 0 0 0 0 0 0 0 0 0 0 0 0 0 0 0 0 0 0 0 0 0 0 0 0
0 0 0 0 0 0 0 0 0 0 0 0 0 0 0 0 0 0 0 0 0 0 0 0 0 0 0 0
0 0 0 0 0 0 0 0 0 0 0 0 0 0 0 0 0 0 0 0 0 0 0 0 0 0 0 0
0 0 0 0 0 0 0 0 0 0 0 0 0 0 0 0 0 0 0 0 0 0 0 0 -10 0 0 0
0 0 0 0 0 0 0 0 0 0 0 0 0 0 0 0 0 0 0 0 0 0 0 -10 0 0 0 0
0 0 0 0 0 0 0 0 0 0 0 0 0 0 0 0 -10 0 0 0 0 0 0 -10 -10 0 0 0
0 0 0 0 0 0 0 0 -10 0 0 0 0 0 0 -10 -10 0 0 0 0 0 -10 -10 -10 0 0 0
0 0 0 0 0 0 0 -10 0 0 0 0 0 0 -10 -10 0 0 0 0 0 -10 -10 -10 0 0 0 0
-10 0 0 0 0 0 0 -10 -10 0 0 0 0 0 -10 -10 -10 0 0 0 0 -10 -10 -10 -10 -10 -10 -10
0 0 0 0 0 0 0 -10 0 0 0 0 0 0 -10 -10 0 0 0 0 0 -10 -10 -10 -10 -10 -10 -10
0 0 0 0 0 0 0 0 0 0 0 0 0 -11 -10 0 0 0 0 0 0 -10 -10 -10 -10 -10 -10 -10
0 0 0 0 0 0 0 0 0 0 0 0 0 -11 -10 0 0 0 0 0 0 -10 -10 -10 -10 -10 -10 -10
0 0 0 0 0 0 0 0 0 0 0 0 -11 -11 0 0 0 0 0 0 0 -10 -10 -10 -10 -10 -10 -10
0 0 0 0 0 0 0 0 0 0 0 -11 -11 -11 0 0 0 0 0 0 0 -10 -10 -10 -10 -10 -10 -10
0 0 0 0 0 0 0 0 0 0 0 -11 -11 -11 0 0 0 0 0 0 0 -10 -10 -10 -10 -10 -10 -10
0 0 0 0 0 0 0 0 0 0 -11 -11 -11 0 0 0 0 0 0 0 0 -10 -10 -10 -10 -10 -10 -10
0 0 0 0 0 0 0 0 0 -11 -11 -11 0 0 0 0 0 0 0 0 0 -10 -10 -10 -10 -10 -10 -10
0 0 0 0 0 0 0 0 0 -11 -11 -11 0 0 0 0 0 0 0 0 0 -10 -10 -10 -10 -10 -10 -10
0 0 0 0 0 0 0 0 -11 -11 -11 0 0 0 0 0 0 0 0 0 0 -10 -10 -10 -10 -10 -10 -10
0 0 0 0 0 0 0 -11 -11 -11 0 0 0 0 0 0 0 0 0 0 0 -10 -10 -10 -10 -10 -10 -10
0 0 0 0 0 0 0 -11 -11 -11 0 0 0 0 0 0 0 0 0 0 0 -10 -10 -10 -10 -10 -10 -10
0 0 0 0 0 0 0 -11 -11 0 0 0 0 0 0 0 0 0 0 0 0 -10 -10 -10 -10 -10 -10 0
0 0 0 0 0 0 0 -11 0 0 0 0 0 0 0 0 0 0 0 0 0 -10 -10 -10 -10 -10 0 0
0 0 0 0 0 0 0 -11 0 0 0 0 0 0 0 0 0 0 0 0 0 -10 -10 -10 -10 -10 0 0
0 0 0 0 0 0 16 0 0 0 0 0 0 0 0 0 0 0 0 0 0 -10 -10 -10 -10 0 0 0
0 0 0 0 0 16 16 0 0 0 0 0 0 0 0 0 0 0 0 0 0 -10 -10 -10 0 0 0 0
0 0 0 0 0 0 0 0 0 0 0 0 0 0 -10 -10 0 0 0 0 0 -10 -10 -10 -10 -10 -10 -10
0 0 0 0 0 0 0 0 0 0 0 0 0 0 -10 -10 0 0 0 0 0 -10 -10 -10 -10 -10 -10 -10
0 0 0 0 0 0 0 0 0 0 0 0 0 0 -10 0 0 0 0 0 0 -10 -10 -10 -10 -10 -10 -10
0 0 0 0 0 0 0 0 0 0 0 0 0 0 0 0 0 0 0 0 0 -10 -10 -10 -10 -10 -10 -10
0 0 0 0 0 0 0 0 0 0 0 0 0 0 0 0 0 0 0 0 0 -10 -10 -10 -10 -10 -10 -10
0 0 0 0 0 0 0 0 0 0 0 0 0 0 0 0 0 0 0 0 0 -10 -10 -10 -10 -10 -10 -10
0 0 0 0 0 0 -10 0 0 0 0 0 0 -10 0 0 0 0 0 0 -10 -10 -10 -10 -10 -10 -10 -10
0 0 0 0 0 0 -10 0 0 0 0 0 0 -10 0 0 0 0 0 0 -10 -10 -10 -10 -10 -10 -10 -10
16 16 21 0 0 0 0 0 0 0 0 0 -10 -10 0 0 0 0 0 -10 -10 0 0 0 0 0 -10 -10
0 0 0 0 0 0 0 16 21 0 0 0 0 0 0 0 0 0 -10 -10 -10 0 0 0 0 -10 -10 -10
0 0 0 0 0 0 0 0 0 0 0 0 0 0 16 21 0 0 0 0 0 0 0 0 0 -10 -10 -10
0 0 0 0 0 0 0 0 0 0 25 0 0 0 21 0 0 0 0 0 0 0 0 0 -10 -10 -10 -10
0 0 0 0 0 0 0 0 0 0 25 0 0 0 21 0 0 0 0 0 0 0 0 0 -10 -10 -10 -10
0 0 0 0 0 0 0 0 0 0 0 0 0 0 0 0 0 25 0 0 0 0 0 -10 -10 -10 -10 -10
0 0 0 0 0 0 0 0 0 0 0 0 0 0 0 0 25 0 0 0 6 0 -10 -10 -10 -10 -10 -10
0 0 0 0 0 0 0 0 0 0 0 0 0 0 0 0 0 25 0 0 6 0 -10 -10 -10 -10 -10 -10
0 0 0 0 0 0 0 0 0 0 0 0 0 0 0 0 25 0 0 6 0 -10 -10 -10 -10 -10 -10 -10
0 0 0 0 0 0 0 0 0 25 0 0 0 0 0 0 0 0 6 0 0 -10 -10 -10 -10 -10 -10 -10
0 0 0 0 0 0 0 0 0 0 0 0 0 0 0 0 25 0 0 0 0 0 0 0 6 0 0 0
0 0 0 0 0 0 0 0 0 0 0 0 0 0 0 0 0 0 0 0 0 0 0 25 0 0 0 0
0 0 0 0 0 0 0 0 0 0 0 0 0 0 0 0 0 0 0 0 0 0 25 0 0 0 0 0
0 0 0 0 0 0 0 0 0 0 0 0 0 0 0 0 0 0 0 0 0 0 0 25 0 0 0 0
0 0 0 0 0 0 0 0 0 0 0 0 0 0 0 0 0 0 0 0 0 0 25 0 0 0 0 0
0 0 0 0 0 0 0 0 0 0 0 0 0 0 0 0 0 0 0 0 0 0 25 0 0 0 0 0
0 0 0 0 0 0 0 0 0 0 0 0 0 0 0 25 0 0 0 0 0 0 0 9 0 0 6 0
0 0 0 0 0 0 0 0 25 0 0 0 0 0 0 9 0 13 6 0 2 -10 -10 -10 -10 -10 -10 -10
0 0 0 0 0 -11 -11 0 0 0 0 0 0 0 0 0 0 0 0 0 0 9 0 6 0 0 2 0
0 0 0 0 0 0 0 0 0 0 0 0 -11 -11 0 0 0 0 0 0 0 0 0 0 0 0 0 0
0 0 0 0 0 0 0 0 0 0 0 -11 -11 -11 0 0 0 0 0 0 0 0 0 0 0 0 0 0
0 0 0 0 0 0 0 0 0 0 -11 -11 -11 0 0 0 0 0 0 0 0 0 0 0 0 0 0 0
0 0 0 0 0 0 0 0 0 0 -11 -11 -11 0 0 0 0 0 0 0 0 0 0 0 0 0 0 0
0 0 0 0 0 0 0 0 0 -11 -11 -11 0 0 0 0 0 0 0 0 0 0 0 0 0 0 0 0
0 0 0 0 0 0 0 0 -11 -11 -11 0 0 0 0 0 0 0 0 0 0 0 0 0 0 0 0 0
0 -11 -11 -11 0 0 0 0 0 0 0 0 0 0 0 0 0 0 0 0 0 2 0 0 0 0 0 0
0 0 0 0 0 0 0 0 0 0 0 0 0 0 0 0 0 0 0 0 0 -10 -10 -10 -10 -10 -10 -10
0 0 0 0 0 0 0 0 0 0 0 0 0 0 0 0 0 0 0 0 0 -10 -10 -10 -10 -10 -10 0
0 0 0 0 0 0 0 0 0 0 0 0 0 0 0 0 0 0 0 0 0 -10 -10 -10 -10 -10 -10 0
0 0 0 0 0 0 16 0 0 0 25 0 0 0 0 0 0 0 0 0 0 -10 -10 -10 -10 -10 0 0
0 0 0 0 0 16 21 0 0 25 0 0 0 0 0 0 0 0 0 0 0 -10 -10 -10 -10 0 0 0
0 0 0 0 0 16 21 0 0 0 0 0 0 0 0 0 0 25 0 0 0 -10 -10 -10 -10 0 0 0
0 0 0 0 16 21 16 0 0 0 0 0 0 0 0 0 25 0 0 0 0 -10 -10 -10 0 0 0 0
0 0 0 25 0 0 0 0 0 0 25 0 0 0 -10 -10 -10 0 0 0 0 -10 -10 -10 -10 -10 -10 -10
0 0 0 25 0 0 0 0 0 25 0 0 0 0 -10 -10 0 0 0 0 6 -10 -10 -10 -10 -10 -10 -10
0 0 0 25 0 0 0 0 0 0 25 0 0 0 -10 -10 0 0 0 0 6 -10 -10 -10 -10 -10 -10 -10
0 0 25 0 0 0 0 0 0 0 25 0 0 0 -10 0 0 0 0 6 9 -10 -10 -10 -10 -10 -10 -10
0 0 25 0 0 0 0 0 0 0 0 0 0 0 0 0 25 0 6 9 0 -10 -10 -10 -10 -10 -10 -10
0 0 25 0 0 0 0 0 0 0 0 0 0 0 0 0 0 6 0 9 0 -10 -10 -10 -10 -10 -10 -10
0 0 25 0 0 0 0 0 0 0 0 0 0 0 0 0 0 6 0 0 0 -10 -10 -10 -10 -10 -10 -10
21 16 16 0 21 16 16 0 0 0 0 0 0 0 0 25 0 0 0 0 0 0 0 6 0 0 0 0
21 16 16 0 21 16 16 0 0 0 0 0 0 0 0 0 25 0 0 0 0 0 0 6 0 0 0 0
0 0 0 0 0 0 0 0 25 0 0 0 0 0 0 6 0 0 0 0 0 -10 -10 -10 -10 -10 -10 -10
0 0 0 0 0 0 0 0 0 0 0 0 0 0 6 0 0 0 0 0 0 -10 -10 -10 -10 -10 -10 6
0 0 0 0 0 0 0 0 0 0 0 0 0 0 6 0 0 0 0 0 0 -10 -10 -10 -10 -10 -10 6
0 0 0 0 0 0 -11 0 0 0 0 0 0 0 0 0 0 0 0 0 0 -10 -10 -10 -10 -10 6 2
0 0 0 0 0 0 -11 0 0 0 0 0 0 0 0 0 0 0 0 0 0 -10 -10 -10 -10 -10 6 2
0 0 0 0 0 -11 -11 0 0 0 0 0 0 0 0 0 0 0 0 0 0 -10 -10 -10 -10 6 2 4
16 16 0 0 0 0 0 0 0 0 0 -11 -11 -11 0 0 0 0 0 0 0 0 0 0 0 0 0 0
0 0 0 0 0 0 0 16 16 0 0 0 0 0 0 0 0 0 -11 -11 -11 0 0 0 0 0 0 0
0 0 0 0 0 0 0 16 0 0 0 0 0 0 0 0 0 -11 -11 -11 -11 0 0 0 0 0 0 0
0 0 0 0 0 0 0 0 0 0 0 0 0 0 0 0 -11 -11 -11 -11 -11 0 0 0 0 0 0 0
0 0 0 0 0 0 0 0 0 0 0 0 0 0 0 0 -11 -11 -11 -11 -11 0 0 0 0 0 0 0
0 0 0 0 0 0 0 0 -11 -11 -11 -11 -11 -11 0 0 0 0 0 0 0 0 0 0 0 0 0 0
0 0 0 0 0 0 0 -11 -11 -11 -11 -11 -11 -11 0 0 0 0 0 0 0 0 0 0 0 0 0 0
0 0 0 0 0 0 0 -11 -11 -11 -11 -11 -11 0 0 0 0 0 0 0 0 0 0 0 0 0 0 0
-11 -11 -11 -11 -11 -11 0 0 0 0 0 0 0 0 0 0 0 0 0 0 0 0 0 0 0 0 0 0
0 0 0 0 0 0 0 0 0 0 0 0 0 0 0 0 0 0 0 0 0 -10 -10 -10 -10 -10 -10 -10
0 0 0 0 0 0 0 0 0 0 0 0 0 0 0 0 0 0 0 0 0 -10 -10 -10 -10 -10 -10 0
0 0 0 0 0 0 0 0 0 0 0 0 0 0 0 0 0 0 0 0 0 -10 -10 -10 -10 -10 -10 0
0 0 0 0 0 0 0 0 0 0 0 0 0 0 0 0 0 0 0 0 0 -10 -10 -10 -10 -10 0 0
0 0 0 0 0 0 0 0 0 0 0 0 0 0 0 0 0 0 0 0 0 -10 -10 -10 -10 0 0 0
0 0 0 0 0 0 0 0 0 0 0 0 0 0 0 0 0 0 0 0 0 -10 -10 -10 -10 0 0 0
0 0 0 0 0 0 0 0 0 0 0 0 0 0 -10 -10 -10 0 0 0 0 -10 -10 -10 -10 -10 -10 -10
0 0 0 0 0 0 0 0 0 0 0 0 0 0 -10 -10 0 0 0 0 0 -10 -10 -10 -10 -10 -10 -10
0 0 0 0 0 0 0 0 0 0 0 0 0 0 -10 -10 0 0 0 0 0 -10 -10 -10 -10 -10 -10 -10
0 0 0 0 0 0 0 0 0 0 0 0 0 0 -10 0 0 0 0 0 0 -10 -10 -10 -10 -10 -10 -10
0 0 0 0 0 0 0 0 0 0 0 0 0 0 0 0 0 0 0 0 0 -10 -10 -10 -10 -10 -10 -10
0 0 0 0 0 0 0 0 0 0 0 0 0 0 0 0 0 0 0 0 0 -10 -10 -10 -10 -10 -10 -10
0 0 0 0 0 0 0 0 0 0 0 0 0 0 0 0 0 0 0 0 0 -10 -10 -10 -10 -10 -10 -10
0 0 0 0 0 0 0 0 0 0 0 0 0 0 0 0 0 0 0 0 0 -10 -10 -10 -10 -10 -10 -10
0 0 0 0 0 0 0 0 0 0 0 0 0 0 0 0 0 0 0 0 0 -10 -10 -10 -10 -10 -10 -10
0 0 0 0 0 0 0 0 0 0 0 0 0 0 0 0 0 0 0 0 0 -10 -10 -10 -10 -10 -10 -10
0 0 0 0 0 0 0 0 0 0 0 0 0 0 0 0 0 0 0 0 -10 -10 -10 -10 -10 -10 -10 -10
0 0 0 0 0 0 0 0 0 0 0 0 0 0 0 0 0 0 0 0 -10 -10 -10 -10 -10 -10 -10 -10
0 0 0 0 0 0 0 0 0 0 0 0 0 0 0 0 0 0 0 -10 -10 -10 -10 -10 -10 -10 -10 -10
16 0 0 0 0 0 0 0 0 0 0 0 0 0 0 0 0 0 0 0 0 0 0 0 0 -10 -10 0
0 0 0 0 0 0 0 16 0 0 0 0 0 0 0 0 0 0 0 0 0 0 0 0 0 0 0 0
0 0 0 0 0 0 0 0 0 0 0 0 0 0 0 0 0 0 0 0 0 0 0 0 0 0 0 0
0 0 0 0 0 0 0 0 0 0 0 0 0 0 0 0 0 0 0 0 0 0 0 0 0 0 0 0
0 0 0 0 0 0 0 0 0 0 0 0 0 0 0 0 0 0 0 0 0 0 0 0 0 0 0 0
0 0 0 0 0 0 0 0 0 0 0 0 0 0 0 0 0 0 0 0 0 0 0 0 0 0 0 0
0 0 0 0 0 0 0 0 0 0 0 0 0 0 0 0 0 0 0 0 0 0 0 0 0 0 0 0
0 0 0 0 0 0 16 0 0 0 0 0 0 0 0 0 0 0 0 0 0 0 0 0 0 0 0 0
0 0 0 0 0 0 16 0 0 0 0 0 0 0 0 0 0 0 0 0 0 0 0 0 0 0 0 0
0 0 0 0 0 0 0 0 0 0 0 0 0 0 0 0 0 0 0 0 0 0 0 0 0 -10 -10 -10
0 0 0 0 0 0 0 0 0 0 0 0 0 0 0 0 0 0 0 0 0 0 0 0 -10 -10 -10 -10
0 0 0 0 0 0 0 0 0 0 0 0 0 0 0 0 0 0 0 0 0 0 0 0 -10 -10 -10 -10
0 0 0 0 0 0 0 0 0 0 0 0 0 0 0 0 0 0 0 0 4 0 0 -10 -10 -10 -10 -10
0 0 0 0 0 0 0 0 0 0 25 0 0 0 0 0 0 0 0 0 4 0 0 -10 -10 -10 -10 -10
0 0 0 0 0 0 0 0 0 0 25 0 0 0 0 0 0 0 0 4 0 0 -10 -10 -10 -10 -10 -10
0 0 0 0 0 0 0 0 0 0 0 0 0 0 0 0 25 0 4 0 0 -10 -10 -10 -10 -10 -10 -10
0 0 0 0 0 0 0 0 0 0 0 0 0 0 0 0 0 0 4 0 0 -10 -10 -10 -10 -10 -10 -10
0 0 0 0 0 0 0 0 0 0 0 0 0 0 0 0 0 4 0 0 0 -10 -10 -10 -10 -10 -10 -10
0 0 0 0 0 0 0 0 0 0 0 0 0 0 0 0 4 0 0 0 -10 -10 -10 -10 -10 -10 -10 -10
0 0 0 0 0 0 0 0 0 0 25 0 0 0 0 0 4 0 0 0 -10 -10 -10 -10 -10 -10 -10 -10
0 0 0 0 0 0 0 0 0 25 0 0 0 0 0 4 0 0 0 -10 -10 -10 -10 -10 -10 -10 -10 -10
0 0 0 0 0 0 0 0 0 0 0 0 0 0 0 4 0 25 0 -10 -10 -10 -10 -10 -10 -10 -10 -10
16 16 0 0 0 0 0 0 0 0 0 0 0 0 0 0 0 0 0 0 -10 4 0 25 0 -10 -10 -10
0 0 0 0 0 0 0 16 0 0 0 0 0 0 0 0 0 0 0 0 0 0 0 0 0 0 -10 0
0 0 0 0 0 0 0 0 0 0 0 0 0 0 16 0 0 0 0 0 0 0 0 0 0 0 0 0
0 0 0 0 0 0 0 0 0 0 0 0 0 0 0 0 0 0 0 0 0 0 0 0 0 0 0 0
0 0 0 0 0 0 0 0 0 0 0 0 0 0 0 0 0 0 0 0 0 0 0 0 0 0 0 0
0 0 0 0 0 0 0 0 0 0 0 0 0 0 0 0 0 0 0 0 0 0 0 0 0 0 0 0
0 0 0 0 0 0 0 0 0 0 0 0 0 0 0 0 0 0 0 0 0 0 0 0 0 0 0 0
0 0 0 0 0 0 0 0 0 0 0 0 0 0 0 0 0 0 0 0 0 0 0 0 0 0 0 0
0 0 0 0 0 0 0 0 0 0 0 0 0 0 0 0 0 0 0 0 0 0 0 0 0 0 0 0
0 0 0 0 0 0 0 0 0 0 0 0 0 0 0 0 0 0 0 0 0 -10 0 0 0 -10 0 0
0 0 0 0 0 0 0 0 0 0 0 0 0 0 0 0 0 0 0 0 0 -10 0 0 0 -10 0 0
0 0 0 0 0 0 0 0 0 0 0 0 0 0 0 0 0 0 0 0 0 0 0 0 -10 0 0 0
0 0 0 0 0 0 0 0 0 0 0 0 0 0 0 0 0 0 0 0 0 0 0 -10 0 0 0 0
0 0 0 0 0 0 0 0 0 0 0 0 0 0 0 0 -10 0 0 0 0 0 0 -10 -10 -10 0 0
0 0 0 0 0 0 0 0 0 0 0 0 0 0 0 -10 0 0 0 0 0 0 -10 -10 -10 0 0 0
0 0 0 0 0 0 0 0 0 0 0 0 0 0 -10 0 0 0 0 0 -11 -10 -10 -10 0 0 0 0
0 0 0 0 0 0 0 -10 0 0 0 0 0 -11 -10 -10 -10 0 0 0 0 -10 -10 -10 0 0 0 0
0 0 0 0 0 -11 -11 -10 -10 0 0 0 0 0 -10 -10 0 0 0 0 0 -10 -10 0 0 0 0 0
0 0 0 0 -11 -11 -11 -10 0 0 0 0 0 0 -10 0 0 0 0 0 0 -10 0 0 0 0 0 0
-10 0 0 0 0 0 0 -10 0 0 0 0 0 0 -10 0 0 0 0 0 0 -10 -10 -10 -10 -10 -10 -10
0 0 0 0 0 0 0 0 0 0 0 0 0 0 0 0 0 0 0 0 0 -10 -10 -10 -10 -10 -10 -10
0 0 0 0 0 0 0 0 0 0 0 0 0 0 0 0 0 0 0 0 0 -10 -10 -10 -10 -10 -10 -10
0 0 0 0 0 0 0 0 0 0 0 0 0 0 0 0 0 0 0 0 0 -10 -10 -10 -10 -10 -10 -10
0 0 0 0 0 0 0 0 0 0 0 0 0 0 0 0 0 0 0 0 0 -10 -10 -10 -10 -10 -10 -10
0 0 0 0 0 0 0 0 0 0 0 0 0 0 0 0 0 0 0 0 0 -10 -10 -10 -10 -10 -10 -10
0 0 0 0 0 0 0 0 0 0 0 0 0 0 0 0 0 0 0 0 0 -10 -10 -10 -10 -10 -10 -10
0 0 0 0 0 0 0 0 0 0 0 0 0 0 0 0 0 0 0 0 0 -10 -10 -10 -10 -10 -10 -10
0 0 0 0 0 0 0 0 0 0 0 0 0 0 0 0 0 0 0 0 0 -10 -10 -10 -10 -10 -10 -10
0 0 0 0 0 0 0 0 0 0 0 0 0 0 0 0 0 0 0 0 0 -10 -10 -10 -10 -10 -10 -10
0 0 0 0 0 0 0 0 0 0 0 0 0 0 0 0 0 0 0 0 0 -10 -10 -10 -10 -10 -10 -10
0 0 0 0 0 0 0 0 0 0 0 0 0 0 0 0 0 0 0 0 0 -10 -10 -10 -10 -10 -10 -10
0 0 0 0 0 0 0 0 0 0 0 0 0 0 0 0 0 0 0 0 0 -10 -10 -10 -10 -10 -10 -10
0 0 0 0 0 0 0 0 0 0 0 0 0 0 0 0 0 0 0 0 0 -10 -10 -10 -10 -10 -10 -10
0 0 0 0 0 0 0 0 0 0 0 0 0 0 0 0 0 0 0 0 0 -10 -10 -10 -10 -10 -10 -10
0 0 0 0 0 0 0 0 0 0 0 0 0 0 0 0 0 0 0 0 -10 -10 -10 -10 -10 -10 -10 -10
0 0 0 0 0 0 0 0 0 0 0 0 0 0 0 0 0 0 0 0 -10 -10 -10 -10 -10 -10 -10 -10
0 0 0 0 0 0 0 0 0 0 0 0 0 0 0 0 0 0 0 0 0 0 0 0 0 0 -10 -10
0 0 0 0 0 0 0 0 0 0 0 0 0 0 0 0 0 0 0 0 0 0 0 0 0 0 0 0
0 0 0 0 0 0 0 0 0 0 0 0 0 0 0 0 0 0 0 0 0 0 0 0 0 0 0 0
0 0 0 0 0 0 0 0 0 0 0 0 0 0 0 0 0 0 0 0 0 0 0 0 0 0 0 0
0 0 0 0 0 0 0 0 0 0 0 0 0 0 0 0 0 0 0 0 20 0 0 0 0 0 0 20
0 0 0 0 0 0 0 0 0 0 0 0 0 0 0 0 0 0 0 0 0 0 0 0 0 0 0 20
0 0 0 0 0 0 0 0 0 0 0 0 0 0 0 0 0 0 0 0 0 0 0 0 0 0 20 0
0 0 0 0 0 0 0 0 0 0 0 0 0 0 0 0 0 0 0 0 0 0 0 0 0 20 0 0
0 0 0 0 0 0 0 0 0 0 0 0 0 0 0 0 0 0 0 0 0 0 0 0 0 20 0 0
0 0 0 0 0 0 0 0 0 0 0 0 0 0 0 0 0 0 0 0 0 0 0 0 20 0 0 0
0 0 0 0 0 0 0 0 0 0 0 0 0 0 0 0 20 0 0 0 0 0 0 20 0 0 -10 -10
0 0 0 0 0 0 0 0 0 0 0 0 0 0 0 0 20 0 0 0 0 0 0 20 0 0 -10 -10
0 0 0 0 0 0 0 0 0 0 0 0 0 0 0 20 0 0 0 0 9 0 20 0 0 -10 -10 -10
0 0 0 0 0 0 0 0 0 0 0 0 0 -11 20 0 0 0 0 9 0 20 0 0 -10 -10 -10 -10
0 0 0 0 0 0 0 0 0 0 0 0 0 -11 20 0 0 0 0 9 0 20 0 0 -10 -10 -10 -10
0 0 0 0 0 0 0 0 0 0 0 0 -11 -11 0 0 0 0 9 0 0 0 0 -10 -10 -10 -10 -10
0 0 0 -11 -11 -11 0 0 0 0 0 0 0 0 0 0 0 0 -11 -11 -11 0 0 9 0 0 0 0
0 0 0 0 0 0 0 0 0 -11 -11 -11 0 0 0 0 0 0 0 0 0 0 0 0 -11 -11 -11 -11
0 0 0 0 0 0 0 0 0 -11 -11 -11 0 0 0 0 0 0 0 0 0 0 0 0 -11 -11 -11 -11
0 0 0 0 0 0 0 0 -11 -11 -11 0 0 0 0 0 0 0 0 0 0 0 0 -11 -11 -11 -11 -11
0 0 0 0 0 0 0 -11 -11 -11 0 0 0 0 0 0 0 0 0 0 0 0 -11 -11 -11 -11 -11 0
0 0 0 0 0 0 0 -11 -11 -11 0 0 0 0 0 0 0 0 0 0 0 0 -11 -11 -11 -11 -11 0
0 0 0 0 0 0 0 -11 -11 0 0 0 0 0 0 0 0 0 0 0 0 -11 -11 -11 -11 -11 0 0
0 0 0 0 0 0 0 -11 0 0 0 0 0 0 0 0 0 0 0 0 0 -11 -11 -11 -11 0 0 0
0 0 0 0 0 0 0 -11 0 0 0 0 0 0 0 0 0 0 0 0 0 -11 -11 -11 -11 0 0 0
0 0 0 0 0 0 0 0 0 0 0 0 0 0 0 0 0 0 0 0 0 -11 -11 -11 0 0 0 0
0 0 0 0 0 0 0 0 0 0 0 0 0 0 0 0 0 0 0 0 12 0 0 0 0 0 0 0
0 0 0 0 0 0 0 0 0 0 0 0 0 0 0 0 0 0 0 0 0 0 0 0 0 0 0 12
0 0 0 0 0 0 0 0 0 0 0 0 0 0 0 0 0 0 0 0 0 0 0 0 0 0 0 0
0 0 0 0 0 0 0 0 0 0 0 0 0 0 0 0 0 0 0 0 0 0 0 0 0 0 0 0
0 0 0 0 0 0 0 0 0 0 0 0 0 0 0 0 0 0 0 0 0 0 0 0 0 0 0 0
0 0 0 0 0 0 0 0 0 0 0 0 0 0 0 0 0 0 0 0 0 0 0 0 0 0 0 0
0 0 0 0 0 0 0 0 0 0 0 0 0 0 0 0 0 0 0 0 0 0 0 0 0 0 0 0
0 0 0 0 0 0 0 0 0 0 0 0 0 0 0 0 0 0 0 0 0 0 0 12 0 0 0 0
0 0 0 0 0 0 0 0 0 0 0 0 0 0 0 0 0 0 0 0 0 0 12 0 0 0 0 0
0 0 0 0 0 0 0 0 0 0 0 0 0 0 12 0 0 0 0 0 0 0 0 0 0 0 0 0
0 0 0 0 0 0 0 12 0 0 0 0 0 0 0 0 0 0 0 0 0 0 0 0 0 20 20 0
0 0 0 0 0 0 0 0 0 0 0 0 0 12 0 0 0 0 0 0 0 0 0 0 20 20 0 0
0 0 0 0 0 0 0 0 0 0 0 0 12 0 0 0 0 0 0 0 0 0 0 20 20 0 0 0
0 0 0 0 0 0 0 0 0 0 0 12 0 0 0 0 0 0 0 0 0 0 20 20 0 0 0 0
0 0 0 0 12 0 0 0 0 0 0 0 0 0 0 20 20 0 0 0 0 0 20 20 0 20 20 0
0 0 0 12 0 0 0 0 0 0 0 0 0 0 20 20 0 0 0 0 0 20 20 0 20 20 0 0
0 0 12 0 0 0 0 0 0 0 0 0 0 0 20 0 0 0 0 0 0 20 0 20 20 0 0 0
0 0 12 0 0 0 0 0 0 0 0 0 0 0 20 0 0 0 0 0 0 20 0 20 20 0 0 0
0 0 0 0 0 0 0 0 0 0 0 0 0 0 0 20 20 0 0 0 0 0 20 20 0 0 0 0
0 0 0 0 0 0 0 0 0 0 0 0 0 0 20 20 0 0 0 0 0 20 20 0 0 0 0 0
0 0 0 0 0 0 0 20 20 0 0 0 0 0 20 20 0 0 0 0 0 -10 -10 -10 -10 -10 0 0
0 0 0 0 0 0 0 20 0 0 0 0 0 0 20 0 0 0 0 0 0 -10 -10 -10 -10 0 0 0
0 0 0 0 0 0 0 0 0 0 0 0 0 0 0 0 0 0 0 0 0 -10 -10 -10 0 0 0 0
0 0 0 0 0 0 0 0 0 0 0 0 0 0 -10 -10 -10 0 0 0 0 -10 -10 -10 0 0 0 4
0 0 0 0 0 0 0 -10 -10 0 0 0 0 0 -10 -10 0 0 0 4 0 -10 -10 -10 -10 -10 -10 -10
0 0 0 0 0 0 0 -10 0 0 0 0 0 -11 -10 0 0 0 4 0 0 -10 -10 -10 -10 -10 -10 -10
0 0 0 0 0 0 0 -10 0 0 0 0 0 -11 -10 0 0 13 4 0 0 -10 -10 -10 -10 -10 -10 -10
0 0 0 0 0 0 0 0 0 0 0 0 0 2 0 0 0 0 0 -11 -11 0 0 4 0 0 0 0
0 0 0 0 0 0 0 0 0 0 0 0 0 0 0 0 0 0 0 2 0 0 0 0 0 -11 -11 -11
0 0 0 0 0 0 0 0 0 0 0 0 0 0 0 0 0 0 0 2 0 0 0 0 0 -11 -11 -11
0 0 0 0 0 0 0 0 0 0 0 0 0 0 0 0 0 0 2 0 0 0 0 0 -11 -11 -11 -11
0 0 0 0 0 0 0 0 0 0 0 0 0 0 0 0 2 0 0 0 0 0 0 -11 -11 -11 -11 -11
0 0 0 0 0 0 0 0 0 0 0 0 0 0 0 0 0 0 0 0 0 0 0 2 0 0 0 0
0 0 0 0 0 0 0 0 0 0 0 0 0 0 0 0 0 0 0 0 0 0 0 0 0 0 0 0
0 0 0 0 0 0 0 0 0 0 0 0 0 0 0 0 0 0 0 0 0 0 0 0 0 0 0 0
0 0 0 0 0 0 0 0 0 0 25 0 0 0 0 0 0 0 0 0 0 0 0 0 0 0 0 0
0 0 0 0 0 0 0 0 0 25 0 0 0 0 0 0 0 0 0 0 0 0 0 0 0 0 0 0
0 0 0 0 0 0 0 0 0 0 25 0 0 0 0 0 0 0 0 0 0 0 0 0 0 0 0 0
0 0 0 0 0 0 0 0 0 25 0 0 0 0 0 0 0 0 0 0 0 0 0 0 0 0 0 0
0 0 0 0 0 0 0 0 0 0 25 0 0 0 0 0 0 0 0 0 0 0 0 0 0 0 0 0
0 0 0 0 0 0 0 0 0 25 0 0 0 0 0 0 0 0 0 0 -10 -11 -11 0 0 -10 -10 -10
0 0 0 0 0 0 0 0 0 0 0 0 0 0 0 0 0 25 0 0 -10 -11 -11 0 0 -10 -10 -10
0 0 0 0 0 0 0 0 0 0 0 0 0 0 0 0 25 0 0 -10 -10 -11 0 0 -10 -10 -10 -10
0 0 0 0 0 0 0 0 0 0 0 0 0 2 0 0 25 0 -10 -10 -10 0 0 -10 -10 -10 -10 -10
0 0 0 0 0 0 0 0 0 0 0 0 0 0 0 0 0 0 0 0 2 0 0 25 0 -10 -10 -10
0 0 0 0 0 0 0 0 0 0 0 0 0 0 0 0 0 0 0 0 0 0 0 25 0 0 2 4
0 0 0 0 0 0 0 0 0 0 0 0 0 0 0 0 0 0 0 0 0 0 0 25 0 2 0 4
0 0 0 0 0 0 0 0 0 0 0 0 0 0 0 0 0 0 0 0 0 0 0 25 2 0 4 0
0 0 0 0 0 0 0 0 0 0 0 0 0 0 0 25 2 4 0 0 0 0 -10 -10 -10 -10 -10 -10
0 0 0 0 0 0 0 0 0 0 0 0 0 0 0 0 0 0 0 0 0 0 0 2 4 0 0 0
0 0 0 0 0 0 0 0 0 0 0 0 0 0 0 0 0 0 0 0 0 0 0 0 0 0 0 0
0 0 0 0 0 0 0 0 0 0 0 0 0 0 0 0 0 0 0 0 0 0 0 0 0 0 0 0
0 0 0 0 0 0 0 0 0 0 0 0 0 0 0 0 0 0 0 0 0 0 0 13 0 0 0 0
0 0 0 0 0 0 0 0 0 0 0 0 0 0 0 0 0 0 0 0 0 0 13 0 0 0 0 0
0 0 0 0 0 0 0 0 0 0 0 0 0 0 0 0 0 0 0 0 0 13 0 0 0 0 0 0
0 0 0 0 0 0 0 0 0 0 0 0 0 0 0 0 0 0 0 0 0 13 0 0 0 0 0 0
0 0 0 0 0 0 0 0 0 0 0 0 0 0 0 0 0 0 0 0 0 0 0 0 0 0 0 0
0 0 0 0 0 0 0 0 0 0 0 0 0 0 0 0 0 0 0 0 0 -10 -10 -10 -10 -10 -10 -10
0 0 0 0 0 0 0 0 0 0 0 0 0 0 0 0 0 0 0 0 0 -10 -10 -10 -10 -10 -10 -10
0 0 0 0 0 0 0 0 0 0 25 0 0 0 0 0 0 0 0 0 4 -10 -10 -10 -10 -10 -10 -10
0 0 0 0 0 0 0 0 0 0 25 0 0 0 0 0 0 0 0 0 4 -10 -10 -10 -10 -10 -10 -10
0 0 0 0 0 0 0 0 0 0 0 0 0 0 0 0 0 25 0 4 0 -10 -10 -10 -10 -10 -10 -10
0 0 0 0 0 0 0 0 0 0 0 0 0 0 0 0 25 0 4 0 4 -10 -10 -10 -10 -10 -10 -10
0 0 0 0 0 0 0 0 0 0 0 0 0 0 0 0 0 4 0 0 4 -10 -10 -10 -10 -10 -10 -10
0 0 0 0 0 0 0 0 0 0 0 0 0 0 0 0 0 4 0 4 0 -10 -10 -10 -10 -10 -10 -10
0 0 0 0 0 0 0 0 0 0 25 0 0 0 0 0 0 4 0 4 0 -10 -10 -10 -10 -10 -10 -10
0 0 0 0 0 0 0 0 0 0 0 0 0 0 0 0 4 4 0 0 0 -10 -10 -10 -10 -10 -10 -10
0 0 0 0 0 0 0 0 0 0 0 0 0 0 0 4 0 4 0 0 0 -10 -10 -10 -10 -10 -10 -10
0 0 0 0 0 0 0 0 0 0 0 0 0 0 0 4 0 4 0 0 0 -10 -10 -10 -10 -10 -10 -10
0 0 0 0 0 0 0 0 0 0 0 0 0 0 4 0 4 0 0 0 0 -10 -10 -10 -10 -10 -10 -10
0 0 0 0 0 0 0 0 0 0 0 0 0 0 4 0 4 0 0 0 0 -10 -10 -10 -10 -10 -10 -10
0 0 0 0 0 0 0 0 0 0 0 0 0 0 0 4 0 0 0 0 0 -10 -10 -10 -10 -10 -10 -10
0 0 0 0 0 0 0 0 0 0 0 0 0 0 4 0 0 0 0 0 0 -10 -10 -10 -10 -10 -10 -10
0 0 0 0 0 0 0 0 0 0 0 0 0 0 4 0 0 0 0 0 0 -10 -10 -10 -10 -10 -10 -10
0 0 0 0 0 0 0 0 0 0 0 0 0 0 0 0 0 0 0 0 0 -10 -10 -10 -10 -10 -10 -10
0 0 0 0 0 0 0 0 0 0 0 0 0 0 0 0 0 0 0 0 0 -10 -10 -10 -10 -10 -10 -10
0 0 0 0 0 0 0 0 0 0 0 0 0 0 0 0 0 0 0 0 0 -10 -10 -10 -10 -10 -10 -10
0 0 0 0 0 0 0 0 0 0 0 0 0 0 0 0 0 0 0 0 0 -10 -10 -10 -10 -10 -10 -10
0 0 0 0 0 0 0 0 0 0 0 0 0 0 0 0 0 0 0 0 0 -10 -10 -10 -10 -10 -10 -10
0 0 0 0 0 0 0 0 0 0 0 0 0 0 0 0 0 0 0 0 0 -10 -10 -10 -10 -10 -10 -10
0 0 0 0 0 0 0 0 0 0 0 0 0 0 0 0 0 0 0 0 0 -10 -10 -10 -10 -10 -10 -10
0 0 0 0 0 0 0 0 0 0 0 0 0 0 0 0 0 0 0 0 0 -10 -10 -10 -10 -10 -10 0
0 0 0 0 0 0 0 0 0 0 0 0 0 0 0 0 0 0 0 0 0 -10 -10 -10 -10 -10 -10 0
0 0 0 0 0 0 0 0 0 0 0 0 0 0 0 0 0 0 0 0 0 -10 -10 -10 -10 -10 0 0
0 0 0 0 0 0 0 0 0 0 0 0 0 0 0 0 0 0 0 0 0 -10 -10 -10 -10 0 0 0
0 0 0 0 0 0 0 0 0 0 0 0 0 0 0 0 0 0 0 0 0 -10 -10 -10 -10 0 0 0
0 0 0 0 0 0 0 0 0 0 0 0 0 0 0 0 0 0 0 0 16 0 0 0 0 0 0 0
0 0 0 0 0 0 0 0 0 0 0 0 0 0 0 0 0 0 0 0 0 0 0 0 0 0 16 21
0 0 0 0 0 0 0 0 0 0 0 0 0 0 0 0 0 0 0 0 0 0 0 0 0 0 16 21
0 0 0 0 0 0 0 0 0 0 0 0 0 0 0 0 0 0 0 0 0 0 0 0 0 16 21 16
0 0 0 0 0 0 0 0 0 0 0 0 0 0 0 0 0 0 0 0 0 0 0 0 16 21 16 0
0 0 0 0 0 0 0 0 0 0 0 0 0 0 0 0 0 0 0 0 0 0 0 0 16 21 16 0
0 0 0 0 0 0 0 0 0 0 0 0 0 0 0 0 0 0 0 0 0 0 0 16 21 16 0 0
0 0 0 0 0 0 0 0 0 0 0 0 0 0 0 0 0 0 0 0 0 0 16 21 16 0 0 0
0 0 0 0 0 0 0 0 0 0 0 0 0 0 0 0 0 0 0 0 0 0 16 21 16 0 0 0
0 0 0 0 0 0 0 0 0 0 0 0 0 0 16 21 16 0 0 0 0 0 0 0 0 0 0 0
0 0 0 0 0 0 0 0 0 0 0 0 0 0 21 16 0 0 0 0 0 0 0 0 0 0 0 0
0 0 0 0 0 0 0 0 0 0 0 0 0 0 21 16 0 0 0 0 0 0 0 0 0 0 0 0
0 0 0 0 0 0 0 16 0 0 0 0 0 0 0 0 0 0 0 0 0 0 0 -10 -10 0 0 0
0 0 0 0 0 0 0 0 0 0 0 0 0 0 0 -10 -10 0 0 0 0 0 -10 -10 -10 -10 -10 -10
0 0 0 0 0 0 0 0 0 0 0 0 0 0 0 -10 -10 0 0 0 0 0 -10 -10 -10 -10 -10 -10
0 0 0 0 0 0 0 0 0 0 0 0 0 0 -10 -10 0 0 0 0 0 -10 -10 -10 -10 -10 -10 -10
0 0 0 0 0 0 0 0 0 0 0 0 0 0 -10 0 0 0 0 0 0 -10 -10 -10 -10 -10 -10 -10
0 0 0 0 0 0 0 0 0 0 0 0 0 0 -10 0 0 0 0 0 0 -10 -10 -10 -10 -10 -10 -10
0 0 0 0 0 0 0 0 0 0 0 0 0 0 0 0 0 0 0 0 0 -10 -10 -10 -10 -10 -10 -10
0 0 0 0 0 0 0 0 0 0 0 0 0 0 0 0 0 0 0 0 0 -10 -10 -10 -10 -10 -10 -10
0 0 0 0 0 0 0 0 0 0 0 0 0 0 0 0 0 0 0 0 0 -10 -10 -10 -10 -10 -10 -10
0 0 0 0 0 0 0 0 0 0 0 0 0 0 0 0 0 0 0 0 0 -10 -10 -10 -10 -10 -10 -10
0 0 0 0 0 0 0 0 0 0 0 0 0 0 0 0 0 0 0 0 0 -10 -10 -10 -10 -10 -10 -10
0 0 0 0 0 0 0 0 0 0 0 0 0 0 0 0 0 0 0 0 0 -10 -10 -10 -10 -10 -10 -10
0 0 0 0 0 0 0 0 0 0 0 0 0 0 0 0 0 0 0 0 0 -10 -10 -10 -10 -10 -10 -10
0 0 0 0 0 0 0 0 0 0 0 0 0 0 0 0 0 0 0 0 0 -10 -10 -10 -10 -10 -10 -10