0 0 0 0 0 0 0 0 0 0 0 0 0 0 0 0 0 0 0 0 0 0 0 0 0 0 0 0 0 0 0 0 0 0 0 0 0 0 0 0 0 0 0 0 0 0 0 0 0 0 0 0 0 0 0 0 ,-1 -1 -1 -1 -1
0 0 0 0 0 0 0 0 0 0 0 0 0 0 0 0 0 0 0 0 0 0 0 0 0 0 0 0 0 0 0 0 0 0 0 0 0 0 0 0 0 0 0 0 0 0 0 0 0 0 0 0 0 0 0 0 ,-1 -1 -1 -1 -1
0 0 0 0 0 0 0 0 0 0 0 0 0 0 0 0 0 0 0 0 0 0 0 0 0 0 0 0 0 0 0 0 0 0 0 0 0 0 0 0 0 0 0 0 0 0 0 0 0 0 0 0 0 0 0 0 ,-1 -1 -1 -1 -1
0 0 0 0 0 0 0 0 0 0 0 0 0 0 0 0 0 0 0 0 0 0 0 0 0 0 0 0 0 0 0 0 0 0 0 0 0 0 0 0 0 0 0 0 0 0 0 0 0 0 0 0 0 0 0 0 ,-1 -1 -1 -1 -1
0 0 0 0 0 0 0 0 0 0 0 0 0 0 0 0 0 0 0 0 0 0 0 0 0 0 0 0 0 0 0 0 0 0 0 0 0 0 0 0 0 0 0 0 0 0 0 0 0 0 0 0 0 0 0 0 ,-1 -1 -1 -1 -1
0 0 0 0 0 0 0 0 0 0 0 0 0 0 0 0 0 0 0 0 0 0 0 0 0 0 0 0 0 0 0 0 0 0 0 0 0 0 0 0 0 0 0 0 0 0 0 0 0 0 0 0 0 0 0 0 ,-1 -1 -1 -1 -1
0 0 0 0 0 0 0 0 0 0 0 0 0 0 0 0 0 0 0 0 0 0 0 0 0 0 0 0 0 0 0 0 0 0 0 0 0 0 0 0 0 0 0 0 0 0 0 0 0 0 0 0 0 0 0 0 ,-1 -1 -1 -1 -1
0 0 0 0 0 0 0 0 0 0 0 0 0 0 0 0 0 0 0 0 0 0 0 0 0 0 0 0 0 0 0 0 0 0 0 0 0 0 0 0 0 0 0 0 0 0 0 0 0 0 0 0 0 0 0 0 ,-1 -1 -1 -1 -1
0 0 0 0 0 0 0 0 0 0 0 0 0 0 0 0 0 0 0 0 0 0 0 0 0 0 0 0 0 0 0 0 0 0 0 0 0 0 0 0 0 0 0 0 0 0 0 0 0 0 0 0 0 0 0 0 ,-1 -1 -1 -1 -1
0 0 0 0 0 0 0 0 0 0 0 0 0 0 0 0 0 0 0 0 0 0 0 0 0 0 0 0 0 0 0 0 0 0 0 0 0 0 0 0 0 0 0 0 0 0 0 0 0 0 0 0 0 0 0 0 ,-1 -1 -1 -1 -1
0 0 0 0 0 0 0 0 0 0 0 0 0 0 0 0 0 0 0 0 0 0 0 0 0 0 0 0 0 0 0 0 0 0 0 0 0 0 0 0 0 0 0 0 0 0 0 0 0 0 0 0 0 0 0 0 ,-1 -1 -1 -1 -1
0 0 0 0 0 0 0 0 0 0 0 0 0 0 0 0 0 0 0 0 0 0 0 0 0 0 0 0 0 0 0 0 0 0 0 0 0 0 0 0 0 0 0 0 0 0 0 0 0 0 0 0 0 0 0 0 ,-1 -1 -1 -1 -1
0 0 0 0 0 0 0 0 0 0 0 0 0 0 0 0 0 0 0 0 0 0 0 0 0 0 0 0 0 0 0 0 0 0 0 0 0 0 0 0 0 0 0 0 0 0 0 0 0 0 0 0 0 0 0 0 ,-1 -1 -1 -1 -1
0 0 0 0 0 0 0 0 0 0 0 0 0 0 0 0 0 0 0 0 0 0 0 0 0 0 0 0 0 0 0 0 0 0 0 0 0 0 0 0 0 0 0 0 0 0 0 0 0 0 0 0 0 0 0 0 ,-1 -1 -1 -1 -1
0 0 0 0 0 0 0 0 0 0 0 0 0 0 0 0 0 0 0 0 0 0 0 0 0 0 0 0 0 0 0 0 0 0 0 0 0 0 0 0 0 0 0 0 0 0 0 0 0 0 0 0 0 0 0 0 ,-1 -1 -1 -1 -1
0 0 0 0 0 0 0 0 0 0 0 0 0 0 0 0 0 0 0 0 0 0 -10 -10 -10 -10 -10 -10 0 0 0 0 0 0 0 0 0 0 0 0 0 0 0 0 0 0 0 0 0 0 0 0 0 0 0 0 ,-1 -1 -1 -1 -1
0 0 0 0 0 0 0 0 0 0 0 0 0 0 0 0 0 0 0 0 0 0 -10 -10 -10 -10 -10 -10 0 0 0 0 0 0 0 0 0 0 0 0 0 0 0 0 0 0 0 0 0 0 0 0 0 0 0 0 ,-1 -1 -1 -1 -1
0 0 0 0 0 0 0 0 0 0 0 0 0 0 0 0 0 0 0 0 0 0 -10 -10 -10 -10 -10 -10 0 0 0 0 0 0 0 0 0 0 0 0 0 0 0 0 0 0 0 0 0 0 0 0 0 0 0 0 ,-1 -1 -1 -1 -1
0 0 0 0 0 0 0 0 0 0 0 0 0 0 0 0 0 0 0 0 0 0 -10 -10 -10 -10 -10 -10 0 0 0 0 0 0 0 0 0 0 0 0 0 0 0 0 0 0 0 0 0 0 0 0 0 0 0 0 ,-1 -1 -1 -1 -1
0 0 0 0 0 0 0 0 0 0 0 0 0 0 0 0 0 0 0 0 0 0 -10 -10 -10 -10 -10 -10 0 0 0 0 0 0 0 0 0 0 0 0 0 0 0 0 0 0 0 0 0 0 0 0 0 0 0 0 ,-1 -1 -1 -1 -1
0 0 0 0 0 0 0 0 0 0 0 0 0 0 0 0 0 0 0 0 0 0 -10 -10 -10 -10 -10 -10 0 0 0 0 0 0 0 0 0 0 0 0 0 0 0 0 0 0 0 0 0 0 0 0 0 0 0 0 ,-1 -1 -1 -1 -1
0 0 0 0 0 0 0 0 0 0 0 0 0 0 0 0 0 0 0 0 0 0 -10 -10 -10 -10 -10 -10 0 0 0 0 0 0 0 0 0 0 0 0 0 0 0 0 0 0 0 0 0 0 0 0 0 0 0 0 ,-1 -1 -1 -1 -1
0 0 0 0 0 0 0 0 0 0 0 0 0 0 0 0 0 0 0 0 0 0 -10 -10 -10 -10 -10 -10 0 0 0 0 0 0 0 0 0 0 0 0 0 0 0 0 0 0 0 0 0 0 0 0 0 0 0 0 ,-1 -1 -1 -1 -1
0 0 0 0 0 0 0 0 0 0 0 0 0 0 0 0 0 0 0 0 0 0 -10 -10 -10 -10 -10 -10 0 0 0 0 0 0 0 0 0 0 0 0 0 0 0 0 0 0 0 0 0 0 0 0 0 0 0 0 ,-1 -1 -1 -1 -1
0 0 0 0 0 0 0 0 0 0 0 0 0 0 0 0 0 0 0 0 0 0 -10 -10 -10 -10 -10 -10 0 0 0 0 0 0 0 0 0 0 0 0 0 0 0 0 0 0 0 0 0 0 0 0 0 0 0 0 ,-1 1 -1 -1 -1
0 0 0 0 0 0 0 0 0 0 0 0 0 0 0 0 0 0 0 0 0 0 -10 -10 -10 -10 -10 -10 0 0 0 0 0 0 0 0 0 0 0 0 0 0 0 0 0 0 0 0 0 0 0 0 0 0 0 0 ,-1 1 -1 -1 -1
0 0 0 0 0 0 0 0 0 0 0 0 0 0 0 0 0 0 0 0 0 0 -10 -10 -10 -10 -10 -10 0 0 0 0 0 0 0 0 0 0 0 0 0 0 0 0 0 0 0 0 0 0 0 0 0 0 0 0 ,-1 1 -1 -1 -1
0 0 0 0 0 0 0 0 0 0 0 0 0 0 0 0 0 0 0 0 0 0 -10 -10 -10 -10 -10 -10 0 0 0 0 0 0 0 0 0 0 0 0 0 0 0 0 0 0 0 0 0 0 0 0 0 0 0 0 ,-1 1 -1 -1 -1
0 0 0 0 0 0 0 0 0 0 0 0 0 0 0 0 0 0 0 0 0 0 -10 -10 -10 -10 -10 -10 0 0 0 0 0 0 0 0 0 0 0 0 0 0 0 0 0 0 0 0 0 0 0 0 0 0 0 0 ,-1 1 -1 -1 -1
0 0 0 0 0 0 0 0 0 0 0 0 0 0 0 0 0 0 0 0 0 0 -10 -10 -10 -10 -10 -10 0 0 0 0 0 0 0 0 0 0 0 0 0 0 0 0 0 0 0 0 0 0 0 0 0 0 0 0 ,-1 1 -1 -1 -1
0 0 0 0 0 0 0 0 0 0 0 0 0 0 0 0 0 0 0 0 0 0 -10 -10 -10 -10 -10 -10 0 0 0 0 0 0 0 0 0 0 0 0 0 0 0 0 0 0 0 0 0 0 0 0 0 0 0 0 ,-1 1 -1 -1 -1
0 0 0 0 0 0 0 0 0 0 0 0 0 0 0 0 0 0 0 0 0 -10 -10 -10 -10 -10 -10 -10 0 0 0 0 0 0 0 0 0 0 0 0 0 0 0 0 0 0 0 0 0 0 0 0 0 0 0 0 ,-1 1 -1 -1 -1
0 0 0 0 0 0 0 0 0 0 0 0 0 0 0 0 0 0 0 0 0 -10 -10 -10 -10 -10 -10 -10 0 0 0 0 0 0 0 0 0 0 0 0 0 0 0 0 0 0 0 0 0 0 0 0 0 0 0 0 ,-1 1 -1 -1 -1
0 0 0 0 0 0 0 0 0 0 0 0 0 0 0 0 0 0 0 0 0 -10 -10 -10 -10 -10 -10 -10 0 0 0 0 0 0 0 0 0 0 0 0 0 0 0 0 0 0 0 0 0 0 0 0 0 0 0 0 ,-1 1 -1 -1 -1
0 0 0 0 0 0 0 0 0 0 0 0 0 0 0 0 0 0 0 0 0 -10 -10 -10 -10 -10 -10 -10 0 0 0 0 0 0 0 0 0 0 0 0 0 0 0 0 0 0 0 0 0 0 0 0 0 0 0 0 ,-1 1 -1 -1 -1
0 0 0 0 0 0 0 0 0 0 0 0 0 0 0 0 0 0 0 0 0 -10 -10 -10 -10 -10 -10 -10 0 0 0 0 0 0 0 0 0 0 0 0 0 0 0 0 0 0 0 0 0 0 0 0 0 0 0 0 ,-1 1 -1 -1 -1
0 0 0 0 0 0 0 0 0 0 0 0 0 0 0 0 0 0 0 0 0 -10 -10 -10 -10 -10 -10 -10 0 0 0 0 0 0 0 0 0 0 0 0 0 0 0 0 0 0 0 0 0 0 0 0 0 0 0 0 ,-1 1 -1 -1 -1
0 0 0 0 0 0 0 0 0 0 0 0 0 0 0 0 0 0 0 0 0 -10 -10 -10 -10 -10 -10 -10 0 0 0 0 0 0 0 0 0 0 0 0 0 0 0 0 0 0 0 0 0 0 0 0 0 0 0 0 ,-1 1 -1 -1 -1
0 0 0 0 0 0 0 0 0 0 0 0 0 0 0 0 0 0 0 0 0 -10 -10 -10 -10 -10 -10 -10 0 0 0 0 0 0 0 0 0 0 0 0 0 0 0 0 0 0 0 0 0 0 0 0 0 0 0 0 ,-1 1 -1 -1 -1
0 0 0 0 0 0 0 0 0 0 0 0 0 0 0 0 0 0 0 0 0 -10 -10 -10 -10 -10 -10 -10 0 0 0 0 0 0 0 0 0 0 0 0 0 0 0 0 0 0 0 0 0 0 0 0 0 0 0 0 ,-1 1 -1 -1 -1
0 0 0 0 0 0 0 0 0 0 0 0 0 0 0 0 0 0 0 0 0 -10 -10 -10 -10 -10 -10 -10 0 0 0 0 0 0 0 0 0 0 0 0 0 0 0 0 0 0 0 0 0 0 0 0 0 0 0 0 ,-1 1 -1 -1 -1
0 0 0 0 0 0 0 0 0 0 0 0 0 0 0 0 0 0 0 0 0 -10 -10 -10 -10 -10 -10 -10 0 0 0 0 0 0 0 0 0 0 0 0 0 0 0 0 0 0 0 0 0 0 0 0 0 0 0 0 ,-1 1 -1 -1 -1
0 0 0 0 0 0 0 0 0 0 0 0 0 0 0 0 0 0 0 0 0 -10 -10 -10 -10 -10 -10 -10 0 0 0 0 0 0 0 0 0 0 0 0 0 0 0 0 0 0 0 0 0 0 0 0 0 0 0 0 ,-1 1 -1 -1 -1
0 0 0 0 0 0 0 0 0 0 0 0 0 0 0 0 0 0 0 0 0 -10 -10 -10 -10 -10 -10 -10 0 0 0 0 0 0 0 0 0 0 0 0 0 0 0 0 0 0 0 0 0 0 0 0 0 0 0 0 ,-1 1 -1 -1 -1
0 0 0 0 0 0 0 0 0 0 0 0 0 0 0 0 0 0 0 0 0 -10 -10 -10 -10 -10 -10 -10 0 0 0 0 0 0 0 0 0 0 0 0 0 0 0 0 0 0 0 0 0 0 0 0 0 0 0 0 ,-1 1 -1 -1 -1
0 0 0 0 0 0 0 0 0 0 0 0 0 0 0 0 0 0 0 0 0 -10 -10 -10 -10 -10 -10 -10 0 0 0 0 0 0 0 0 0 0 0 0 0 0 0 0 0 0 0 0 0 0 0 0 0 0 0 0 ,-1 1 -1 -1 -1
0 0 0 0 0 0 0 0 0 0 0 0 0 0 0 0 0 0 0 0 -10 -10 -10 -10 -10 -10 -10 -10 0 0 0 0 0 0 0 0 0 0 0 0 0 0 0 0 0 0 0 0 0 0 0 0 0 0 0 0 ,-1 1 -1 1 -1
0 0 0 0 0 0 0 0 0 0 0 0 0 0 0 0 0 0 0 0 -10 -10 -10 -10 -10 -10 -10 -10 0 0 0 0 0 0 0 0 0 0 0 0 0 0 0 0 0 0 0 0 0 0 0 0 0 0 0 0 ,-1 1 -1 1 -1
0 0 0 0 0 0 0 0 0 0 0 0 0 0 0 0 0 0 0 0 0 0 0 0 0 0 0 -10 0 0 0 0 0 0 0 0 0 0 0 0 0 0 0 0 0 0 0 0 0 0 0 0 0 0 0 0 ,-1 1 -1 1 -1
0 0 0 0 0 0 0 0 0 0 0 0 0 0 0 0 0 0 0 0 0 0 0 0 0 0 0 0 0 0 0 0 0 0 0 0 0 0 0 0 0 0 0 0 0 0 0 0 0 0 0 0 0 0 0 0 ,-1 1 -1 1 -1
0 0 0 0 0 0 0 0 0 0 0 0 0 0 0 0 0 0 0 0 0 0 0 0 0 0 0 0 0 0 0 0 0 0 0 0 0 0 0 0 0 0 0 0 0 0 0 0 0 0 0 0 0 0 0 0 ,-1 1 -1 1 -1
0 0 0 0 0 0 0 0 0 0 0 0 0 0 0 0 0 0 0 0 0 0 0 0 0 0 0 0 0 0 0 0 0 0 0 0 0 0 0 0 0 0 0 0 0 0 0 0 0 0 0 0 0 0 0 0 ,-1 1 -1 1 -1
0 0 0 0 0 0 0 0 0 0 0 0 0 0 0 0 0 0 0 0 0 0 0 0 0 0 0 0 0 0 0 0 0 0 0 0 0 0 0 0 0 0 0 0 0 0 0 0 0 0 0 0 0 0 0 0 ,-1 1 -1 1 -1
0 0 0 0 0 0 0 0 0 0 0 0 0 0 0 0 0 0 0 0 0 0 0 0 0 0 0 0 0 0 0 0 0 0 0 0 0 0 0 0 0 0 0 0 0 0 0 0 0 0 0 0 0 0 0 0 ,-1 1 -1 -1 -1
0 0 0 0 0 0 0 0 0 0 0 0 0 0 0 0 0 0 0 0 0 0 0 0 0 0 0 0 0 0 0 0 0 0 0 0 0 0 0 0 0 0 0 0 0 0 0 0 0 0 0 0 0 0 0 0 ,-1 1 -1 -1 -1
0 0 0 0 0 0 0 0 0 0 0 0 0 16 0 0 0 0 0 0 0 0 0 0 0 0 0 0 0 0 0 0 0 0 0 0 0 0 0 0 0 0 0 0 0 0 0 0 0 0 0 0 0 0 0 0 ,-1 1 -1 -1 -1
0 0 0 0 0 0 0 0 0 0 0 0 0 16 0 0 0 0 0 0 0 0 0 0 0 0 0 0 0 0 0 0 0 0 0 0 0 0 0 0 0 0 0 0 0 0 0 0 0 0 0 0 0 0 0 0 ,-1 1 -1 -1 -1
0 0 0 0 0 0 16 0 0 0 0 0 0 0 0 0 0 0 0 0 0 0 0 0 0 0 0 0 0 0 0 0 0 0 0 0 0 0 0 0 0 0 0 0 0 0 0 0 0 0 0 0 0 0 0 0 ,-1 1 -1 -1 -1
0 0 0 0 0 16 16 0 0 0 0 0 0 0 0 0 0 0 0 0 0 0 0 0 0 0 0 0 0 0 0 0 0 0 0 0 0 0 0 0 0 0 0 0 0 0 0 0 0 0 0 0 0 0 0 0 ,-1 1 -1 -1 -1
0 0 0 0 0 0 0 0 0 0 0 0 0 0 0 0 0 0 0 0 0 0 0 -10 -10 -10 -10 -10 0 0 0 0 0 0 0 0 0 0 0 0 0 0 0 0 0 0 0 0 0 0 0 0 0 0 0 0 ,-1 1 -1 -1 -1
0 0 0 0 0 0 0 0 0 0 0 0 0 0 0 0 0 0 0 0 0 0 0 -10 -10 -10 -10 -10 0 0 0 0 0 0 0 0 0 0 0 0 0 0 0 0 0 0 0 0 0 0 0 0 0 0 0 0 ,-1 1 -1 -1 -1
0 0 0 0 0 0 0 0 0 0 0 0 0 0 0 0 0 0 0 0 0 0 -10 -10 -10 -10 -10 -10 0 0 0 0 0 0 0 0 0 0 0 0 0 0 0 0 0 0 0 0 0 0 0 0 0 0 0 0 ,-1 1 -1 -1 -1
0 0 0 0 0 0 0 0 0 0 0 0 0 0 0 0 0 0 0 0 0 0 -10 -10 -10 -10 -10 -10 0 0 0 0 0 0 0 0 0 0 0 0 0 0 0 0 0 0 0 0 0 0 0 0 0 0 0 0 ,-1 1 -1 -1 -1
0 0 0 0 0 0 0 0 0 0 0 0 0 0 0 0 0 0 0 0 0 0 -10 -10 -10 -10 -10 -10 0 0 0 0 0 0 0 0 0 0 0 0 0 0 0 0 0 0 0 0 0 0 0 0 0 0 0 0 ,-1 1 -1 -1 -1
0 0 0 0 0 0 0 0 0 0 0 0 0 0 0 0 0 0 0 0 0 -10 -10 -10 -10 -10 -10 -10 0 0 0 0 0 0 0 0 0 0 0 0 0 0 0 0 0 0 0 0 0 0 0 0 0 0 0 0 ,-1 1 -1 -1 -1
0 0 0 0 0 0 0 0 0 0 0 0 0 0 0 0 0 0 0 0 0 -10 -10 -10 -10 -10 -10 -10 0 0 0 0 0 0 0 0 0 0 0 0 0 0 0 0 0 0 0 0 0 0 0 0 0 0 0 0 ,-1 1 -1 -1 -1
0 0 0 0 0 0 0 0 0 0 0 0 0 0 0 0 0 0 0 0 0 -10 -10 -10 -10 -10 -10 -10 0 0 0 0 0 0 0 0 0 0 0 0 0 0 0 0 0 0 0 0 0 0 0 0 0 0 0 0 ,-1 1 -1 -1 -1
0 0 0 0 0 0 0 0 0 0 0 0 0 0 0 0 0 0 0 0 0 -10 -10 -10 -10 -10 -10 -10 0 0 0 0 0 0 0 0 0 0 0 0 0 0 0 0 0 0 0 0 0 0 0 0 0 0 0 0 ,-1 1 -1 -1 -1
0 0 0 0 0 0 0 0 0 0 0 0 0 0 0 0 0 0 0 0 0 -10 -10 -10 -10 -10 -10 -10 0 0 0 0 0 0 0 0 0 0 0 0 0 0 0 0 0 0 0 0 0 0 0 0 0 0 0 0 ,-1 1 -1 -1 -1
0 0 0 0 0 0 0 0 0 0 0 0 0 0 0 0 0 0 0 0 0 -10 -10 -10 -10 -10 -10 -10 0 0 0 0 0 0 0 0 0 0 0 0 0 0 0 0 0 0 0 0 0 0 0 0 0 0 0 0 ,-1 1 -1 -1 -1
0 0 0 0 0 0 0 0 0 0 0 0 0 0 0 0 0 0 0 0 0 -10 -10 -10 -10 -10 -10 -10 0 0 0 0 0 0 0 0 0 0 0 0 0 0 0 0 0 0 0 0 0 0 0 0 0 0 0 0 ,-1 -1 -1 -1 -1
0 0 0 0 0 0 0 0 0 0 0 0 0 0 0 0 0 0 0 0 0 -10 -10 -10 -10 -10 -10 -10 0 0 0 0 0 0 0 0 0 0 0 0 0 0 0 0 0 0 0 0 0 0 0 0 0 0 0 0 ,-1 -1 -1 -1 -1
0 0 0 0 0 0 0 0 0 0 0 0 0 0 0 0 0 0 0 0 0 -10 -10 -10 -10 -10 -10 -10 0 0 0 0 0 0 0 0 0 0 0 0 0 0 0 0 0 0 0 0 0 0 0 0 0 0 0 0 ,-1 -1 -1 -1 -1
0 0 0 0 0 0 0 0 0 0 0 0 0 0 0 0 0 0 0 0 0 -10 -10 -10 -10 -10 -10 -10 0 0 0 0 0 0 0 0 0 0 0 0 0 0 0 0 0 0 0 0 0 0 0 0 0 0 0 0 ,-1 -1 -1 -1 -1
0 0 0 0 0 0 0 0 0 0 0 0 0 0 0 0 0 0 0 0 0 -10 -10 -10 -10 -10 -10 -10 0 0 0 0 0 0 0 0 0 0 0 0 0 0 0 0 0 0 0 0 0 0 0 0 0 0 0 0 ,-1 -1 -1 -1 -1
0 0 0 0 0 0 0 0 0 0 0 0 0 0 0 0 0 0 0 0 0 -10 -10 -10 -10 -10 -10 -10 0 0 0 0 0 0 0 0 0 0 0 0 0 0 0 0 0 0 0 0 0 0 0 0 0 0 0 0 ,-1 -1 -1 -1 -1
0 0 0 0 0 0 0 0 0 0 0 0 0 0 0 0 0 0 0 0 0 -10 -10 -10 -10 -10 -10 -10 0 0 0 0 0 0 0 0 0 0 0 0 0 0 0 0 0 0 0 0 0 0 0 0 0 0 0 0 ,-1 -1 -1 -1 -1
0 0 0 0 0 0 0 0 0 0 0 0 0 0 0 0 0 0 0 0 0 -10 -10 -10 -10 -10 -10 -10 0 0 0 0 0 0 0 0 0 0 0 0 0 0 0 0 0 0 0 0 0 0 0 0 0 0 0 0 ,-1 -1 -1 -1 -1
0 0 0 0 0 0 0 0 0 0 0 0 0 0 0 0 0 0 0 0 0 -10 -10 -10 -10 -10 -10 -10 0 0 0 0 0 0 0 0 0 0 0 0 0 0 0 0 0 0 0 0 0 0 0 0 0 0 0 0 ,-1 -1 -1 -1 -1
0 0 0 0 0 0 0 0 0 0 0 0 0 0 0 0 0 0 0 0 0 -10 -10 -10 -10 -10 -10 -10 0 0 0 0 0 0 0 0 0 0 0 0 0 0 0 0 0 0 0 0 0 0 0 0 0 0 0 0 ,-1 -1 -1 -1 -1
0 0 0 0 0 0 0 0 0 0 0 0 0 0 0 0 0 0 0 0 0 -10 -10 -10 -10 -10 -10 -10 0 0 0 0 0 0 0 0 0 0 0 0 0 0 0 0 0 0 0 0 0 0 0 0 0 0 0 0 ,-1 -1 -1 -1 -1
0 0 0 0 0 0 0 0 0 0 0 0 0 0 0 0 0 0 0 0 0 -10 -10 -10 -10 -10 -10 -10 0 0 0 0 0 0 0 0 0 0 0 0 0 0 0 0 0 0 0 0 0 0 0 0 0 0 0 0 ,-1 -1 -1 -1 -1
0 0 0 0 0 0 0 0 0 0 0 0 0 0 0 0 0 0 0 0 0 -10 -10 -10 -10 -10 -10 -10 0 0 0 0 0 0 0 0 0 0 0 0 0 0 0 0 0 0 0 0 0 0 0 0 0 0 0 0 ,-1 -1 -1 -1 -1
0 0 0 0 0 0 0 0 0 0 0 0 0 0 0 0 0 0 0 0 0 -10 -10 -10 -10 -10 -10 -10 0 0 0 0 0 0 0 0 0 0 0 0 0 0 0 0 0 0 0 0 0 0 0 0 0 0 0 0 ,-1 -1 -1 -1 -1
0 0 0 0 0 0 0 0 0 0 0 0 0 0 0 0 0 0 0 0 0 -10 -10 -10 -10 -10 -10 -10 0 0 0 0 0 0 0 0 0 0 0 0 0 0 0 0 0 0 0 0 0 0 0 0 0 0 0 0 ,-1 -1 -1 -1 -1
0 0 0 0 0 0 0 0 0 0 0 0 0 0 0 0 0 0 0 0 0 -10 -10 -10 -10 -10 -10 -10 0 0 0 0 0 0 0 0 0 0 0 0 0 0 0 0 0 0 0 0 0 0 0 0 0 0 0 0 ,-1 -1 -1 -1 -1
0 0 0 0 0 0 0 0 0 0 0 0 0 0 0 0 0 0 0 0 0 -10 -10 -10 -10 -10 -10 -10 0 0 0 0 0 0 0 0 0 0 0 0 0 0 0 0 0 0 0 0 0 0 0 0 0 0 0 0 ,-1 -1 -1 -1 -1
0 0 0 0 0 0 0 0 0 0 0 0 0 0 0 0 0 0 0 0 0 -10 -10 -10 -10 -10 -10 -10 0 0 0 0 0 0 0 0 0 0 0 0 0 0 0 0 0 0 0 0 0 0 0 0 0 0 0 0 ,-1 -1 -1 -1 -1
0 0 0 0 0 0 0 0 0 0 0 0 0 0 0 0 0 0 0 0 0 -10 -10 -10 -10 -10 -10 -10 0 0 0 0 0 0 0 0 0 0 0 0 0 0 0 0 0 0 0 0 0 0 0 0 0 0 0 0 ,-1 -1 -1 -1 -1
0 0 0 0 0 0 0 0 0 0 0 0 0 0 0 0 0 0 0 0 0 -10 -10 -10 -10 -10 -10 -10 0 0 0 0 0 0 0 0 0 0 0 0 0 0 0 0 0 0 0 0 0 0 0 0 0 0 0 0 ,-1 -1 -1 -1 -1
0 0 0 0 0 0 0 0 0 0 0 0 0 0 0 0 0 0 0 0 0 -10 -10 -10 -10 -10 -10 -10 0 0 0 0 0 0 0 0 0 0 0 0 0 0 0 0 0 0 0 0 0 0 0 0 0 0 0 0 ,-1 -1 -1 -1 -1
0 0 0 0 0 0 0 0 0 0 0 0 0 0 0 0 0 0 0 0 0 -10 -10 -10 -10 -10 -10 -10 0 0 0 0 0 0 0 0 0 0 0 0 0 0 0 0 0 0 0 0 0 0 0 0 0 0 0 0 ,-1 -1 -1 -1 -1
0 0 0 0 0 0 0 0 0 0 0 0 0 0 0 0 0 0 0 0 0 -10 -10 -10 -10 -10 -10 -10 0 0 0 0 0 0 0 0 0 0 0 0 0 0 0 0 0 0 0 0 0 0 0 0 0 0 0 0 ,-1 -1 -1 -1 -1
0 0 0 0 0 0 0 0 0 0 0 0 0 0 0 0 0 0 0 0 0 -10 -10 -10 -10 -10 -10 -10 0 0 0 0 0 0 0 0 0 0 0 0 0 0 0 0 0 0 0 0 0 0 0 0 0 0 0 0 ,-1 -1 -1 -1 -1
0 0 0 0 0 0 0 0 0 0 0 0 0 0 0 0 0 0 0 0 0 -10 -10 -10 -10 -10 -10 -10 0 0 0 0 0 0 0 0 0 0 0 0 0 0 0 0 0 0 0 0 0 0 0 0 0 0 0 0 ,-1 -1 -1 -1 -1
0 0 0 0 0 0 0 0 0 0 0 0 0 0 0 0 0 0 0 0 0 -10 -10 -10 -10 -10 -10 -10 0 0 0 0 0 0 0 0 0 0 0 0 0 0 0 0 0 0 0 0 0 0 0 0 0 0 0 0 ,-1 -1 -1 -1 -1
0 0 0 0 0 0 0 0 0 0 0 0 0 0 0 0 0 0 0 0 0 -10 -10 -10 -10 -10 -10 -10 0 0 0 0 0 0 0 0 0 0 0 0 0 0 0 0 0 0 0 0 0 0 0 0 0 0 0 0 ,-1 -1 -1 -1 -1
0 0 0 0 0 0 0 0 0 0 0 0 0 0 0 0 0 0 0 0 0 -10 -10 -10 -10 -10 -10 -10 0 0 0 0 0 0 0 0 0 0 0 0 0 0 0 0 0 0 0 0 0 0 0 0 0 0 0 0 ,-1 -1 -1 -1 -1
0 0 0 0 0 0 0 0 0 0 0 0 0 0 0 0 0 0 0 0 0 -10 -10 -10 -10 -10 -10 -10 0 0 0 0 0 0 0 0 0 0 0 0 0 0 0 0 0 0 0 0 0 0 0 0 0 0 0 0 ,-1 -1 -1 -1 -1
0 0 0 0 0 0 0 0 0 0 0 0 0 0 0 0 0 0 0 0 0 -10 -10 -10 -10 -10 -10 -10 0 0 0 0 0 0 0 0 0 0 0 0 0 0 0 0 0 0 0 0 0 0 0 0 0 0 0 0 ,-1 -1 -1 -1 -1
0 0 0 0 0 0 0 0 0 0 0 0 0 0 0 0 0 0 0 0 0 -10 -10 -10 -10 -10 -10 -10 0 0 0 0 0 0 0 0 0 0 0 0 0 0 0 0 0 0 0 0 0 0 0 0 0 0 0 0 ,-1 -1 -1 -1 -1
0 0 0 0 0 0 0 0 0 0 0 0 0 0 0 0 0 0 0 0 0 -10 -10 -10 -10 -10 -10 -10 0 0 0 0 0 0 0 0 0 0 0 0 0 0 0 0 0 0 0 0 0 0 0 0 0 0 0 0 ,-1 -1 -1 -1 -1
0 0 0 0 0 0 0 0 0 0 0 0 0 0 0 0 0 0 0 0 0 -10 -10 -10 -10 -10 -10 -10 0 0 0 0 0 0 0 0 0 0 0 0 0 0 0 0 0 0 0 0 0 0 0 0 0 0 0 0 ,-1 -1 -1 -1 -1
0 0 0 0 0 0 0 0 0 0 0 0 0 0 0 0 0 0 0 0 0 -10 -10 -10 -10 -10 -10 -10 0 0 0 0 0 0 0 0 0 0 0 0 0 0 0 0 0 0 0 0 0 0 0 0 0 0 0 0 ,-1 -1 -1 -1 -1
0 0 0 0 0 0 0 0 0 0 0 0 0 0 0 0 0 0 0 0 0 -10 -10 -10 -10 -10 -10 -10 0 0 0 0 0 0 0 0 0 0 0 0 0 0 0 0 0 0 0 0 0 0 0 0 0 0 0 0 ,-1 -1 -1 -1 -1
0 0 0 0 0 0 0 0 0 0 0 0 0 0 0 0 0 0 0 0 0 -10 -10 -10 -10 -10 -10 -10 0 0 0 0 0 0 0 0 0 0 0 0 0 0 0 0 0 0 0 0 0 0 0 0 0 0 0 0 ,-1 -1 -1 -1 -1
0 0 0 0 0 0 0 0 0 0 0 0 0 0 0 0 0 0 0 0 0 -10 -10 -10 -10 -10 -10 -10 0 0 0 0 0 0 0 0 0 0 0 0 0 0 0 0 0 0 0 0 0 0 0 0 0 0 0 0 ,-1 -1 -1 -1 -1
0 0 0 0 0 0 0 0 0 0 0 0 0 0 0 0 0 0 0 0 0 -10 -10 -10 -10 -10 -10 -10 0 0 0 0 0 0 0 0 0 0 0 0 0 0 0 0 0 0 0 0 0 0 0 0 0 0 0 0 ,-1 -1 -1 -1 -1
0 0 0 0 0 0 0 0 0 0 0 0 0 0 0 0 0 0 0 0 0 -10 -10 -10 -10 -10 -10 -10 0 0 0 0 0 0 0 0 0 0 0 0 0 0 0 0 0 0 0 0 0 0 0 0 0 0 0 0 ,-1 -1 -1 -1 -1
0 0 0 0 0 0 0 0 0 0 0 0 0 0 0 0 0 0 0 0 0 -10 -10 -10 -10 -10 -10 -10 0 0 0 0 0 0 0 0 0 0 0 0 0 0 0 0 0 0 0 0 0 0 0 0 0 0 0 0 ,-1 -1 -1 -1 -1
0 0 0 0 0 0 0 0 0 0 0 0 0 0 0 0 0 0 0 0 0 -10 -10 -10 -10 -10 -10 -10 0 0 0 0 0 0 0 0 0 0 0 0 0 0 0 0 0 0 0 0 0 0 0 0 0 0 0 0 ,-1 -1 -1 -1 -1
0 0 0 0 0 0 0 0 0 0 0 0 0 0 0 0 0 0 0 0 0 -10 -10 -10 -10 -10 -10 -10 0 0 0 0 0 0 0 0 0 0 0 0 0 0 0 0 0 0 0 0 0 0 0 0 0 0 0 0 ,-1 -1 -1 -1 -1
